# Force coefficients
# liftDir     : (0.0000000e+00 1.0000000e+00 0.0000000e+00)
# dragDir     : (1.0000000e+00 0.0000000e+00 0.0000000e+00)
# pitchAxis   : (0.0000000e+00 0.0000000e+00 1.0000000e+00)
# magUInf     : 9.0551201e+01
# lRef        : 9.0219998e-01
# Aref        : 4.5109998e-02
# CofR        : (2.2555199e-01 0.0000000e+00 0.0000000e+00)
# Time        	Cm            	Cd            	Cl            	Cl(f)         	Cl(r)         	Cm	Cd	Cl	Cl(f)	Cl(r)
2.5000000e+01	9.4915435e-02	3.2034241e-02	2.9743576e-01	2.4363331e-01	5.3802446e-02
5.0000000e+01	1.0494889e-01	3.5339624e-02	3.3951390e-01	2.7470583e-01	6.4808063e-02
7.5000000e+01	1.0921280e-01	3.3891749e-02	3.7005877e-01	2.9424220e-01	7.5816587e-02
1.0000000e+02	1.1366190e-01	3.4306295e-02	4.0206704e-01	3.1469542e-01	8.7371618e-02
1.2500000e+02	1.1735655e-01	3.4476738e-02	4.3346983e-01	3.3409145e-01	9.9378370e-02
1.5000000e+02	1.1980707e-01	3.4147635e-02	4.6366379e-01	3.5163897e-01	1.1202482e-01
1.7500000e+02	1.2135185e-01	3.3473276e-02	4.9292892e-01	3.6781630e-01	1.2511262e-01
2.0000000e+02	1.2204089e-01	3.2553967e-02	5.1948094e-01	3.8178137e-01	1.3769957e-01
2.2500000e+02	1.2229785e-01	3.1475309e-02	5.4325372e-01	3.9392471e-01	1.4932901e-01
2.5000000e+02	1.2238254e-01	3.0288424e-02	5.6483036e-01	4.0479773e-01	1.6003264e-01
2.7500000e+02	1.2247946e-01	2.9076977e-02	5.8535022e-01	4.1515458e-01	1.7019564e-01
3.0000000e+02	1.2256861e-01	2.7888799e-02	6.0395271e-01	4.2454496e-01	1.7940775e-01
3.2500000e+02	1.2243737e-01	2.6772641e-02	6.1925209e-01	4.3206340e-01	1.8718868e-01
3.5000000e+02	1.2208935e-01	2.5770104e-02	6.3093764e-01	4.3755817e-01	1.9337946e-01
3.7500000e+02	1.2155609e-01	2.4906663e-02	6.3951337e-01	4.4131279e-01	1.9820060e-01
4.0000000e+02	1.2093618e-01	2.4153465e-02	6.4623809e-01	4.4405523e-01	2.0218286e-01
4.2500000e+02	1.2036014e-01	2.3483800e-02	6.5236264e-01	4.4654146e-01	2.0582119e-01
4.5000000e+02	1.1981831e-01	2.2856941e-02	6.5789056e-01	4.4876361e-01	2.0912696e-01
4.7500000e+02	1.1929394e-01	2.2331145e-02	6.6219670e-01	4.5039228e-01	2.1180442e-01
5.0000000e+02	1.1884910e-01	2.1928566e-02	6.6531742e-01	4.5150781e-01	2.1380961e-01
5.2500000e+02	1.1844184e-01	2.1624329e-02	6.6754234e-01	4.5221299e-01	2.1532933e-01
5.5000000e+02	1.1801728e-01	2.1345092e-02	6.6931695e-01	4.5267576e-01	2.1664119e-01
5.7500000e+02	1.1758745e-01	2.1079730e-02	6.7100751e-01	4.5309120e-01	2.1791631e-01
6.0000000e+02	1.1722714e-01	2.0816261e-02	6.7292011e-01	4.5368719e-01	2.1923292e-01
6.2500000e+02	1.1684036e-01	2.0535557e-02	6.7480642e-01	4.5424357e-01	2.2056285e-01
6.5000000e+02	1.1638367e-01	2.0219807e-02	6.7649359e-01	4.5463046e-01	2.2186312e-01
6.7500000e+02	1.1591943e-01	1.9914439e-02	6.7795265e-01	4.5489573e-01	2.2305690e-01
7.0000000e+02	1.1551271e-01	1.9624401e-02	6.7928904e-01	4.5515722e-01	2.2413182e-01
7.2500000e+02	1.1517694e-01	1.9379446e-02	6.8047065e-01	4.5541227e-01	2.2505838e-01
7.5000000e+02	1.1494648e-01	1.9183375e-02	6.8161464e-01	4.5575380e-01	2.2586083e-01
7.7500000e+02	1.1477770e-01	1.9041948e-02	6.8264008e-01	4.5609772e-01	2.2654234e-01
8.0000000e+02	1.1466047e-01	1.8930072e-02	6.8359369e-01	4.5645732e-01	2.2713637e-01
8.2500000e+02	1.1456650e-01	1.8850353e-02	6.8441725e-01	4.5677513e-01	2.2764212e-01
8.5000000e+02	1.1450604e-01	1.8783055e-02	6.8520671e-01	4.5710939e-01	2.2809732e-01
8.7500000e+02	1.1446904e-01	1.8735256e-02	6.8596792e-01	4.5745301e-01	2.2851491e-01
9.0000000e+02	1.1447006e-01	1.8689312e-02	6.8680543e-01	4.5787278e-01	2.2893265e-01
9.2500000e+02	1.1449467e-01	1.8654602e-02	6.8768638e-01	4.5833787e-01	2.2934851e-01
9.5000000e+02	1.1455418e-01	1.8617352e-02	6.8866330e-01	4.5888585e-01	2.2977747e-01
9.7500000e+02	1.1463082e-01	1.8589742e-02	6.8965942e-01	4.5946053e-01	2.3019889e-01
1.0000000e+03	1.1473521e-01	1.8560277e-02	6.9070822e-01	4.6008933e-01	2.3061889e-01
1.0250000e+03	1.1485235e-01	1.8542230e-02	6.9174904e-01	4.6072686e-01	2.3102218e-01
1.0500000e+03	1.1499327e-01	1.8522458e-02	6.9283402e-01	4.6141028e-01	2.3142374e-01
1.0750000e+03	1.1513890e-01	1.8512353e-02	6.9389874e-01	4.6208826e-01	2.3181048e-01
1.1000000e+03	1.1529515e-01	1.8497176e-02	6.9498372e-01	4.6278700e-01	2.3219672e-01
1.1250000e+03	1.1543921e-01	1.8487399e-02	6.9601250e-01	4.6344545e-01	2.3256704e-01
1.1500000e+03	1.1557971e-01	1.8468920e-02	6.9703251e-01	4.6409595e-01	2.3293655e-01
1.1750000e+03	1.1569957e-01	1.8453056e-02	6.9798124e-01	4.6469021e-01	2.3329104e-01
1.2000000e+03	1.1581168e-01	1.8426852e-02	6.9891232e-01	4.6526784e-01	2.3364449e-01
1.2250000e+03	1.1590467e-01	1.8403711e-02	6.9977498e-01	4.6579218e-01	2.3398282e-01
1.2500000e+03	1.1599320e-01	1.8371403e-02	7.0062196e-01	4.6630418e-01	2.3431778e-01
1.2750000e+03	1.1606432e-01	1.8343395e-02	7.0139354e-01	4.6676108e-01	2.3463246e-01
1.3000000e+03	1.1613297e-01	1.8307883e-02	7.0214123e-01	4.6720359e-01	2.3493764e-01
1.3250000e+03	1.1618773e-01	1.8279165e-02	7.0281291e-01	4.6759418e-01	2.3521873e-01
1.3500000e+03	1.1624340e-01	1.8244639e-02	7.0346737e-01	4.6797708e-01	2.3549029e-01
1.3750000e+03	1.1628632e-01	1.8217921e-02	7.0404416e-01	4.6830839e-01	2.3573577e-01
1.4000000e+03	1.1632107e-01	1.8170249e-02	7.0469201e-01	4.6866709e-01	2.3602493e-01
1.4250000e+03	1.1636018e-01	1.8141773e-02	7.0525956e-01	4.6898997e-01	2.3626959e-01
1.4500000e+03	1.1640049e-01	1.8109890e-02	7.0579028e-01	4.6929562e-01	2.3649466e-01
1.4750000e+03	1.1642747e-01	1.8087104e-02	7.0622694e-01	4.6954095e-01	2.3668599e-01
1.5000000e+03	1.1645695e-01	1.8060658e-02	7.0663738e-01	4.6977565e-01	2.3686174e-01
1.5250000e+03	1.1647620e-01	1.8042920e-02	7.0697910e-01	4.6996576e-01	2.3701334e-01
1.5500000e+03	1.1650079e-01	1.8020758e-02	7.0732176e-01	4.7016168e-01	2.3716009e-01
1.5750000e+03	1.1651679e-01	1.8006679e-02	7.0760936e-01	4.7032148e-01	2.3728788e-01
1.6000000e+03	1.1653817e-01	1.7987428e-02	7.0790350e-01	4.7048992e-01	2.3741359e-01
1.6250000e+03	1.1654987e-01	1.7975628e-02	7.0814657e-01	4.7062317e-01	2.3752341e-01
1.6500000e+03	1.1656544e-01	1.7957943e-02	7.0839393e-01	4.7076240e-01	2.3763153e-01
1.6750000e+03	1.1657281e-01	1.7947303e-02	7.0859748e-01	4.7087157e-01	2.3772593e-01
1.7000000e+03	1.1659761e-01	1.7933814e-02	7.0886612e-01	4.7103065e-01	2.3783545e-01
1.7250000e+03	1.1660272e-01	1.7922854e-02	7.0906782e-01	4.7113663e-01	2.3793119e-01
1.7500000e+03	1.1661644e-01	1.7906634e-02	7.0928985e-01	4.7126135e-01	2.3802850e-01
1.7750000e+03	1.1662140e-01	1.7897937e-02	7.0946723e-01	4.7135502e-01	2.3811221e-01
1.8000000e+03	1.1663298e-01	1.7883312e-02	7.0966297e-01	4.7146446e-01	2.3819852e-01
1.8250000e+03	1.1663661e-01	1.7876005e-02	7.0981610e-01	4.7154465e-01	2.3827145e-01
1.8500000e+03	1.1664695e-01	1.7862797e-02	7.0998490e-01	4.7163939e-01	2.3834550e-01
1.8750000e+03	1.1664943e-01	1.7857378e-02	7.1011013e-01	4.7170448e-01	2.3840564e-01
1.9000000e+03	1.1665864e-01	1.7846018e-02	7.1025175e-01	4.7178453e-01	2.3846723e-01
1.9250000e+03	1.1666132e-01	1.7842187e-02	7.1035808e-01	4.7184035e-01	2.3851773e-01
1.9500000e+03	1.1667092e-01	1.7832503e-02	7.1048260e-01	4.7191221e-01	2.3857038e-01
1.9750000e+03	1.1667339e-01	1.7830253e-02	7.1057069e-01	4.7195873e-01	2.3861197e-01
2.0000000e+03	1.1668229e-01	1.7821742e-02	7.1067744e-01	4.7202101e-01	2.3865643e-01
