# Force coefficients
# liftDir     : (0.0000000e+00 1.0000000e+00 0.0000000e+00)
# dragDir     : (1.0000000e+00 0.0000000e+00 0.0000000e+00)
# pitchAxis   : (0.0000000e+00 0.0000000e+00 1.0000000e+00)
# magUInf     : 3.6089199e+01
# lRef        : 9.0219998e-01
# Aref        : 6.3155003e-02
# CofR        : (2.2555199e-01 0.0000000e+00 0.0000000e+00)
# Time        	Cm            	Cd            	Cl            	Cl(f)         	Cl(r)         	Cm	Cd	Cl	Cl(f)	Cl(r)
2.0250000e+03	1.1483393e-01	1.3534192e-02	7.0466250e-01	4.6716517e-01	2.3749733e-01
2.0500000e+03	1.1478640e-01	1.3166642e-02	7.0635861e-01	4.6796572e-01	2.3839290e-01
2.0750000e+03	1.1462948e-01	1.3004182e-02	7.0695734e-01	4.6810815e-01	2.3884919e-01
2.1000000e+03	1.1461421e-01	1.2930581e-02	7.0765895e-01	4.6844369e-01	2.3921525e-01
2.1250000e+03	1.1445413e-01	1.2852327e-02	7.0759708e-01	4.6825266e-01	2.3934442e-01
2.1500000e+03	1.1442569e-01	1.2787588e-02	7.0796680e-01	4.6840909e-01	2.3955771e-01
2.1750000e+03	1.1423678e-01	1.2718510e-02	7.0770448e-01	4.6808901e-01	2.3961547e-01
2.2000000e+03	1.1416294e-01	1.2648818e-02	7.0799947e-01	4.6816266e-01	2.3983680e-01
2.2250000e+03	1.1391240e-01	1.2561230e-02	7.0769244e-01	4.6775863e-01	2.3993382e-01
2.2500000e+03	1.1378428e-01	1.2466048e-02	7.0809883e-01	4.6783370e-01	2.4026513e-01
2.2750000e+03	1.1346557e-01	1.2335689e-02	7.0786142e-01	4.6739629e-01	2.4046513e-01
2.3000000e+03	1.1326368e-01	1.2214876e-02	7.0801991e-01	4.6727365e-01	2.4074627e-01
2.3250000e+03	1.1288095e-01	1.2097219e-02	7.0728350e-01	4.6652269e-01	2.4076080e-01
2.3500000e+03	1.1261503e-01	1.2003927e-02	7.0689535e-01	4.6606272e-01	2.4083264e-01
2.3750000e+03	1.1217196e-01	1.1906708e-02	7.0572901e-01	4.6503645e-01	2.4069256e-01
2.4000000e+03	1.1184555e-01	1.1820234e-02	7.0501345e-01	4.6435228e-01	2.4066117e-01
2.4250000e+03	1.1135697e-01	1.1723394e-02	7.0362854e-01	4.6317124e-01	2.4045730e-01
2.4500000e+03	1.1101222e-01	1.1639623e-02	7.0279938e-01	4.6241191e-01	2.4038747e-01
2.4750000e+03	1.1052376e-01	1.1549743e-02	7.0137167e-01	4.6120960e-01	2.4016207e-01
2.5000000e+03	1.1019529e-01	1.1479213e-02	7.0054036e-01	4.6046546e-01	2.4007490e-01
2.5250000e+03	1.0975596e-01	1.1413319e-02	6.9916713e-01	4.5933953e-01	2.3982760e-01
2.5500000e+03	1.0950973e-01	1.1376646e-02	6.9845802e-01	4.5873874e-01	2.3971927e-01
2.5750000e+03	1.0917355e-01	1.1347333e-02	6.9725507e-01	4.5780110e-01	2.3945399e-01
2.6000000e+03	1.0903583e-01	1.1342519e-02	6.9672143e-01	4.5739657e-01	2.3932488e-01
2.6250000e+03	1.0879570e-01	1.1341963e-02	6.9565994e-01	4.5662567e-01	2.3903427e-01
2.6500000e+03	1.0871802e-01	1.1358841e-02	6.9520485e-01	4.5632046e-01	2.3888440e-01
2.6750000e+03	1.0849038e-01	1.1365183e-02	6.9413835e-01	4.5555955e-01	2.3857880e-01
2.7000000e+03	1.0840929e-01	1.1382817e-02	6.9365078e-01	4.5523468e-01	2.3841611e-01
2.7250000e+03	1.0819099e-01	1.1391643e-02	6.9258904e-01	4.5448551e-01	2.3810354e-01
2.7500000e+03	1.0813026e-01	1.1413147e-02	6.9213891e-01	4.5419973e-01	2.3793919e-01
2.7750000e+03	1.0794293e-01	1.1425029e-02	6.9115758e-01	4.5352173e-01	2.3763585e-01
2.8000000e+03	1.0790317e-01	1.1445113e-02	6.9078559e-01	4.5329595e-01	2.3748963e-01
2.8250000e+03	1.0772753e-01	1.1455449e-02	6.8986470e-01	4.5265988e-01	2.3720482e-01
2.8500000e+03	1.0771118e-01	1.1477549e-02	6.8956298e-01	4.5249265e-01	2.3707031e-01
2.8750000e+03	1.0755469e-01	1.1488261e-02	6.8869990e-01	4.5190465e-01	2.3679526e-01
2.9000000e+03	1.0752597e-01	1.1504240e-02	6.8839276e-01	4.5172235e-01	2.3667040e-01
2.9250000e+03	1.0733325e-01	1.1503087e-02	6.8747103e-01	4.5106876e-01	2.3640227e-01
2.9500000e+03	1.0726825e-01	1.1506894e-02	6.8710190e-01	4.5081919e-01	2.3628271e-01
2.9750000e+03	1.0703424e-01	1.1493987e-02	6.8611056e-01	4.5008951e-01	2.3602104e-01
3.0000000e+03	1.0689039e-01	1.1479761e-02	6.8560755e-01	4.4969416e-01	2.3591340e-01
3.0250000e+03	1.0653976e-01	1.1441579e-02	6.8440855e-01	4.4874403e-01	2.3566452e-01
3.0500000e+03	1.0630002e-01	1.1407509e-02	6.8372399e-01	4.4816202e-01	2.3556197e-01
3.0750000e+03	1.0595709e-01	1.1373581e-02	6.8253767e-01	4.4722593e-01	2.3531175e-01
3.1000000e+03	1.0586746e-01	1.1374780e-02	6.8215102e-01	4.4694299e-01	2.3520805e-01
3.1250000e+03	1.0581385e-01	1.1405640e-02	6.8155843e-01	4.4659305e-01	2.3496537e-01
3.1500000e+03	1.0610381e-01	1.1492020e-02	6.8197078e-01	4.4708920e-01	2.3488158e-01
3.1750000e+03	1.0638040e-01	1.1597609e-02	6.8211454e-01	4.4743767e-01	2.3467687e-01
3.2000000e+03	1.0685520e-01	1.1727576e-02	6.8300009e-01	4.4835526e-01	2.3464485e-01
3.2250000e+03	1.0720138e-01	1.1851018e-02	6.8338418e-01	4.4889346e-01	2.3449072e-01
3.2500000e+03	1.0766986e-01	1.1978338e-02	6.8435240e-01	4.4984606e-01	2.3450634e-01
3.2750000e+03	1.0795265e-01	1.2084682e-02	6.8469745e-01	4.5030138e-01	2.3439607e-01
3.3000000e+03	1.0835008e-01	1.2191636e-02	6.8559706e-01	4.5114863e-01	2.3444845e-01
3.3250000e+03	1.0859000e-01	1.2281022e-02	6.8592215e-01	4.5155108e-01	2.3437107e-01
3.3500000e+03	1.0894908e-01	1.2372046e-02	6.8681341e-01	4.5235580e-01	2.3445763e-01
3.3750000e+03	1.0912597e-01	1.2439712e-02	6.8708843e-01	4.5267019e-01	2.3441824e-01
3.4000000e+03	1.0941172e-01	1.2505509e-02	6.8790597e-01	4.5336470e-01	2.3454127e-01
3.4250000e+03	1.0954241e-01	1.2553058e-02	6.8815577e-01	4.5362028e-01	2.3453549e-01
3.4500000e+03	1.0982066e-01	1.2605961e-02	6.8902552e-01	4.5433342e-01	2.3469210e-01
3.4750000e+03	1.0995891e-01	1.2644989e-02	6.8935657e-01	4.5463720e-01	2.3471937e-01
3.5000000e+03	1.1023734e-01	1.2689135e-02	6.9029313e-01	4.5538390e-01	2.3490924e-01
3.5250000e+03	1.1035758e-01	1.2715506e-02	6.9064730e-01	4.5568123e-01	2.3496607e-01
3.5500000e+03	1.1060450e-01	1.2745217e-02	6.9156843e-01	4.5638871e-01	2.3517972e-01
3.5750000e+03	1.1068741e-01	1.2757465e-02	6.9188142e-01	4.5662811e-01	2.3525330e-01
3.6000000e+03	1.1089704e-01	1.2773341e-02	6.9275224e-01	4.5727316e-01	2.3547909e-01
3.6250000e+03	1.1094681e-01	1.2773328e-02	6.9301713e-01	4.5745537e-01	2.3556176e-01
3.6500000e+03	1.1112887e-01	1.2779068e-02	6.9384891e-01	4.5805332e-01	2.3579559e-01
3.6750000e+03	1.1115447e-01	1.2770089e-02	6.9408244e-01	4.5819569e-01	2.3588675e-01
3.7000000e+03	1.1131845e-01	1.2768014e-02	6.9489855e-01	4.5876771e-01	2.3613083e-01
3.7250000e+03	1.1133119e-01	1.2753197e-02	6.9512403e-01	4.5889321e-01	2.3623082e-01
3.7500000e+03	1.1148677e-01	1.2746623e-02	6.9594073e-01	4.5945713e-01	2.3648360e-01
3.7750000e+03	1.1149053e-01	1.2726819e-02	6.9615841e-01	4.5956972e-01	2.3658869e-01
3.8000000e+03	1.1163685e-01	1.2716786e-02	6.9695866e-01	4.6011618e-01	2.3684248e-01
3.8250000e+03	1.1163097e-01	1.2694358e-02	6.9715136e-01	4.6020666e-01	2.3694471e-01
3.8500000e+03	1.1176616e-01	1.2681160e-02	6.9791478e-01	4.6072355e-01	2.3719123e-01
3.8750000e+03	1.1174766e-01	1.2657037e-02	6.9805861e-01	4.6077695e-01	2.3728165e-01
3.9000000e+03	1.1187030e-01	1.2642832e-02	6.9876891e-01	4.6125475e-01	2.3751417e-01
3.9250000e+03	1.1183922e-01	1.2617662e-02	6.9885796e-01	4.6126819e-01	2.3758976e-01
3.9500000e+03	1.1194994e-01	1.2603479e-02	6.9951522e-01	4.6170756e-01	2.3780766e-01
3.9750000e+03	1.1190755e-01	1.2577167e-02	6.9955534e-01	4.6168521e-01	2.3787013e-01
4.0000000e+03	1.1200815e-01	1.2561833e-02	7.0017159e-01	4.6209395e-01	2.3807764e-01
4.0250000e+03	1.1195936e-01	1.2536093e-02	7.0018274e-01	4.6205074e-01	2.3813200e-01
4.0500000e+03	1.1205572e-01	1.2520717e-02	7.0077497e-01	4.6244320e-01	2.3833176e-01
4.0750000e+03	1.1200275e-01	1.2495317e-02	7.0075864e-01	4.6238208e-01	2.3837657e-01
4.1000000e+03	1.1209598e-01	1.2481370e-02	7.0132369e-01	4.6275783e-01	2.3856586e-01
4.1250000e+03	1.1204106e-01	1.2457909e-02	7.0128024e-01	4.6268117e-01	2.3859906e-01
4.1500000e+03	1.1213224e-01	1.2446263e-02	7.0181316e-01	4.6303880e-01	2.3877434e-01
4.1750000e+03	1.1207458e-01	1.2425130e-02	7.0173478e-01	4.6294197e-01	2.3879281e-01
4.2000000e+03	1.1216339e-01	1.2416210e-02	7.0223546e-01	4.6328112e-01	2.3895434e-01
4.2250000e+03	1.1210366e-01	1.2397544e-02	7.0212466e-01	4.6316600e-01	2.3895866e-01
4.2500000e+03	1.1219031e-01	1.2391334e-02	7.0259279e-01	4.6348670e-01	2.3910609e-01
4.2750000e+03	1.1212841e-01	1.2374484e-02	7.0245570e-01	4.6335626e-01	2.3909944e-01
4.3000000e+03	1.1221272e-01	1.2369296e-02	7.0290178e-01	4.6366361e-01	2.3923817e-01
4.3250000e+03	1.1214849e-01	1.2354351e-02	7.0274383e-01	4.6352041e-01	2.3922342e-01
4.3500000e+03	1.1223080e-01	1.2350153e-02	7.0317262e-01	4.6381712e-01	2.3935550e-01
4.3750000e+03	1.1216497e-01	1.2336018e-02	7.0299941e-01	4.6366468e-01	2.3933473e-01
4.4000000e+03	1.1224540e-01	1.2333013e-02	7.0341474e-01	4.6395278e-01	2.3946196e-01
4.4250000e+03	1.1217754e-01	1.2319222e-02	7.0323205e-01	4.6379358e-01	2.3943849e-01
4.4500000e+03	1.1225639e-01	1.2316296e-02	7.0363778e-01	4.6407527e-01	2.3956251e-01
4.4750000e+03	1.1218567e-01	1.2302662e-02	7.0344019e-01	4.6390575e-01	2.3953442e-01
4.5000000e+03	1.1226128e-01	1.2299409e-02	7.0383334e-01	4.6417797e-01	2.3965539e-01
