# Force coefficients
# liftDir     : (0.0000000e+00 1.0000000e+00 0.0000000e+00)
# dragDir     : (1.0000000e+00 0.0000000e+00 0.0000000e+00)
# pitchAxis   : (0.0000000e+00 0.0000000e+00 1.0000000e+00)
# magUInf     : 9.0551201e+01
# lRef        : 9.0219998e-01
# Aref        : 1.2630901e-01
# CofR        : (2.2555199e-01 0.0000000e+00 0.0000000e+00)
# Time        	Cm            	Cd            	Cl            	Cl(f)         	Cl(r)         	Cm	Cd	Cl	Cl(f)	Cl(r)
2.5000000e+01	9.5004886e-02	3.3664960e-02	2.9470000e-01	2.4235488e-01	5.2345112e-02
5.0000000e+01	1.0572875e-01	3.4996476e-02	3.4026039e-01	2.7585894e-01	6.4401448e-02
7.5000000e+01	1.0992695e-01	3.3611979e-02	3.7044069e-01	2.9514730e-01	7.5293399e-02
1.0000000e+02	1.1436576e-01	3.4055278e-02	4.0287778e-01	3.1580466e-01	8.7073125e-02
1.2500000e+02	1.1797128e-01	3.4173720e-02	4.3492347e-01	3.3543301e-01	9.9490456e-02
1.5000000e+02	1.2041795e-01	3.3850402e-02	4.6582198e-01	3.5332894e-01	1.1249305e-01
1.7500000e+02	1.2192348e-01	3.3203408e-02	4.9507517e-01	3.6946106e-01	1.2561411e-01
2.0000000e+02	1.2273422e-01	3.2299872e-02	5.2205545e-01	3.8376194e-01	1.3829350e-01
2.2500000e+02	1.2288705e-01	3.1203372e-02	5.4553556e-01	3.9565483e-01	1.4988074e-01
2.5000000e+02	1.2288964e-01	2.9992543e-02	5.6703579e-01	4.0640754e-01	1.6062826e-01
2.7500000e+02	1.2286694e-01	2.8746692e-02	5.8717006e-01	4.1645199e-01	1.7071809e-01
3.0000000e+02	1.2300593e-01	2.7539315e-02	6.0609913e-01	4.2605549e-01	1.8004364e-01
3.2500000e+02	1.2279000e-01	2.6397837e-02	6.2129867e-01	4.3343934e-01	1.8785933e-01
3.5000000e+02	1.2241452e-01	2.5359457e-02	6.3324839e-01	4.3903872e-01	1.9420967e-01
3.7500000e+02	1.2177678e-01	2.4460740e-02	6.4170378e-01	4.4262868e-01	1.9907510e-01
4.0000000e+02	1.2117990e-01	2.3696806e-02	6.4863890e-01	4.4549936e-01	2.0313954e-01
4.2500000e+02	1.2055318e-01	2.3018038e-02	6.5454799e-01	4.4782716e-01	2.0672081e-01
4.5000000e+02	1.2007695e-01	2.2402139e-02	6.6024750e-01	4.5020071e-01	2.1004680e-01
4.7500000e+02	1.1956404e-01	2.1886580e-02	6.6451037e-01	4.5181924e-01	2.1269114e-01
5.0000000e+02	1.1916984e-01	2.1488093e-02	6.6780698e-01	4.5307332e-01	2.1473366e-01
5.2500000e+02	1.1866213e-01	2.1167364e-02	6.6968906e-01	4.5350665e-01	2.1618240e-01
5.5000000e+02	1.1818634e-01	2.0875202e-02	6.7134267e-01	4.5385766e-01	2.1748500e-01
5.7500000e+02	1.1764164e-01	2.0604352e-02	6.7258513e-01	4.5393419e-01	2.1865092e-01
6.0000000e+02	1.1730809e-01	2.0353405e-02	6.7455083e-01	4.5458350e-01	2.1996734e-01
6.2500000e+02	1.1691143e-01	2.0089643e-02	6.7628026e-01	4.5505154e-01	2.2122870e-01
6.5000000e+02	1.1655024e-01	1.9793579e-02	6.7824334e-01	4.5567191e-01	2.2257143e-01
6.7500000e+02	1.1602267e-01	1.9478261e-02	6.7948121e-01	4.5576328e-01	2.2371793e-01
7.0000000e+02	1.1561622e-01	1.9182803e-02	6.8089908e-01	4.5606577e-01	2.2483332e-01
7.2500000e+02	1.1518254e-01	1.8934689e-02	6.8177128e-01	4.5606819e-01	2.2570309e-01
7.5000000e+02	1.1492664e-01	1.8735573e-02	6.8294710e-01	4.5640019e-01	2.2654691e-01
7.7500000e+02	1.1464158e-01	1.8579599e-02	6.8362868e-01	4.5645592e-01	2.2717276e-01
8.0000000e+02	1.1452215e-01	1.8461779e-02	6.8464547e-01	4.5684490e-01	2.2780058e-01
8.2500000e+02	1.1434244e-01	1.8372254e-02	6.8515414e-01	4.5691949e-01	2.2823463e-01
8.5000000e+02	1.1429869e-01	1.8304778e-02	6.8601042e-01	4.5730391e-01	2.2870651e-01
8.7500000e+02	1.1418916e-01	1.8252147e-02	6.8645626e-01	4.5741728e-01	2.2903898e-01
9.0000000e+02	1.1422516e-01	1.8211704e-02	6.8738753e-01	4.5791894e-01	2.2946860e-01
9.2500000e+02	1.1419869e-01	1.8178018e-02	6.8799841e-01	4.5819789e-01	2.2980052e-01
9.5000000e+02	1.1430979e-01	1.8149670e-02	6.8911099e-01	4.5886528e-01	2.3024571e-01
9.7500000e+02	1.1434267e-01	1.8124679e-02	6.8985462e-01	4.5926997e-01	2.3058465e-01
1.0000000e+03	1.1450227e-01	1.8104965e-02	6.9104952e-01	4.6002704e-01	2.3102249e-01
1.0250000e+03	1.1457686e-01	1.8088516e-02	6.9184893e-01	4.6050131e-01	2.3134761e-01
1.0500000e+03	1.1477146e-01	1.8075721e-02	6.9309253e-01	4.6131772e-01	2.3177481e-01
1.0750000e+03	1.1486917e-01	1.8064044e-02	6.9392145e-01	4.6182990e-01	2.3209155e-01
1.1000000e+03	1.1507317e-01	1.8053083e-02	6.9516611e-01	4.6265623e-01	2.3250988e-01
1.1250000e+03	1.1516316e-01	1.8039489e-02	6.9595164e-01	4.6313900e-01	2.3281266e-01
1.1500000e+03	1.1534797e-01	1.8024253e-02	6.9712663e-01	4.6391129e-01	2.3321535e-01
1.1750000e+03	1.1541148e-01	1.8004060e-02	6.9782799e-01	4.6432549e-01	2.3350252e-01
1.2000000e+03	1.1556741e-01	1.7980937e-02	6.9891560e-01	4.6502522e-01	2.3389038e-01
1.2250000e+03	1.1560283e-01	1.7952923e-02	6.9952965e-01	4.6536765e-01	2.3416200e-01
1.2500000e+03	1.1573362e-01	1.7922970e-02	7.0053047e-01	4.6599886e-01	2.3453161e-01
1.2750000e+03	1.1574637e-01	1.7890340e-02	7.0105159e-01	4.6627218e-01	2.3477942e-01
1.3000000e+03	1.1585765e-01	1.7857859e-02	7.0195508e-01	4.6683520e-01	2.3511989e-01
1.3250000e+03	1.1585385e-01	1.7824860e-02	7.0237559e-01	4.6704164e-01	2.3533395e-01
1.3500000e+03	1.1595201e-01	1.7794084e-02	7.0318037e-01	4.6754220e-01	2.3563817e-01
1.3750000e+03	1.1593825e-01	1.7764116e-02	7.0350838e-01	4.6769243e-01	2.3581594e-01
1.4000000e+03	1.1602866e-01	1.7736610e-02	7.0422918e-01	4.6814325e-01	2.3608592e-01
1.4250000e+03	1.1600718e-01	1.7710282e-02	7.0447493e-01	4.6824464e-01	2.3623028e-01
1.4500000e+03	1.1609050e-01	1.7686579e-02	7.0511925e-01	4.6865013e-01	2.3646912e-01
1.4750000e+03	1.1606244e-01	1.7663324e-02	7.0529413e-01	4.6870950e-01	2.3658463e-01
1.5000000e+03	1.1613938e-01	1.7642539e-02	7.0587099e-01	4.6907488e-01	2.3679611e-01
1.5250000e+03	1.1610497e-01	1.7622044e-02	7.0598310e-01	4.6909651e-01	2.3688659e-01
1.5500000e+03	1.1617685e-01	1.7603595e-02	7.0650566e-01	4.6942967e-01	2.3707598e-01
1.5750000e+03	1.1613838e-01	1.7585631e-02	7.0656812e-01	4.6942243e-01	2.3714569e-01
1.6000000e+03	1.1620574e-01	1.7569531e-02	7.0704252e-01	4.6972701e-01	2.3731551e-01
1.6250000e+03	1.1616346e-01	1.7553791e-02	7.0706189e-01	4.6969441e-01	2.3736748e-01
1.6500000e+03	1.1622801e-01	1.7539823e-02	7.0749760e-01	4.6997681e-01	2.3752078e-01
1.6750000e+03	1.1618284e-01	1.7526075e-02	7.0747960e-01	4.6992263e-01	2.3755696e-01
1.7000000e+03	1.1624492e-01	1.7514123e-02	7.0788234e-01	4.7018608e-01	2.3769626e-01
1.7250000e+03	1.1619731e-01	1.7501911e-02	7.0783347e-01	4.7011405e-01	2.3771942e-01
1.7500000e+03	1.1625846e-01	1.7491844e-02	7.0821118e-01	4.7036403e-01	2.3784713e-01
1.7750000e+03	1.1620918e-01	1.7481465e-02	7.0813614e-01	4.7027725e-01	2.3785889e-01
1.8000000e+03	1.1626860e-01	1.7472802e-02	7.0848942e-01	4.7051331e-01	2.3797610e-01
1.8250000e+03	1.1621870e-01	1.7463928e-02	7.0839483e-01	4.7041613e-01	2.3797871e-01
1.8500000e+03	1.1627778e-01	1.7456643e-02	7.0873094e-01	4.7064325e-01	2.3808768e-01
1.8750000e+03	1.1622734e-01	1.7449098e-02	7.0861858e-01	4.7053665e-01	2.3808195e-01
1.9000000e+03	1.1628576e-01	1.7443027e-02	7.0893741e-01	4.7075447e-01	2.3818293e-01
1.9250000e+03	1.1623582e-01	1.7436793e-02	7.0881385e-01	4.7064275e-01	2.3817110e-01
1.9500000e+03	1.1629459e-01	1.7431954e-02	7.0912194e-01	4.7085556e-01	2.3826638e-01
1.9750000e+03	1.1624420e-01	1.7426591e-02	7.0898497e-01	4.7073668e-01	2.3824829e-01
2.0000000e+03	1.1630245e-01	1.7422453e-02	7.0928091e-01	4.7094291e-01	2.3833801e-01
