# Force coefficients
# liftDir     : (0.0000000e+00 1.0000000e+00 0.0000000e+00)
# dragDir     : (1.0000000e+00 0.0000000e+00 0.0000000e+00)
# pitchAxis   : (0.0000000e+00 0.0000000e+00 1.0000000e+00)
# magUInf     : 3.6089199e+01
# lRef        : 9.0219998e-01
# Aref        : 6.3155003e-02
# CofR        : (2.2555199e-01 0.0000000e+00 0.0000000e+00)
# Time        	Cm            	Cd            	Cl            	Cl(f)         	Cl(r)         	Cm	Cd	Cl	Cl(f)	Cl(r)
2.5000000e+01	9.5106289e-02	2.1584527e-01	1.0097082e+00	5.9996039e-01	4.0974778e-01
5.0000000e+01	1.2462585e-01	2.5330311e-01	1.1964985e+00	7.2287512e-01	4.7362339e-01
7.5000000e+01	1.1533288e-01	2.4574797e-01	1.2427864e+00	7.3672611e-01	5.0606030e-01
1.0000000e+02	1.1950288e-01	2.5051850e-01	1.3178726e+00	7.7843922e-01	5.3943342e-01
1.2500000e+02	1.2818243e-01	2.5889286e-01	1.4063953e+00	8.3138007e-01	5.7501525e-01
1.5000000e+02	1.3686915e-01	2.6643032e-01	1.5005792e+00	8.8715875e-01	6.1342049e-01
1.7500000e+02	1.4009824e-01	2.6551417e-01	1.5807098e+00	9.3045318e-01	6.5025663e-01
2.0000000e+02	1.4292149e-01	2.6190209e-01	1.6574570e+00	9.7165000e-01	6.8580699e-01
2.2500000e+02	1.4393614e-01	2.5469521e-01	1.7238792e+00	1.0058757e+00	7.1800345e-01
2.5000000e+02	1.4418802e-01	2.4563020e-01	1.7831364e+00	1.0357562e+00	7.4738014e-01
2.7500000e+02	1.4357375e-01	2.3511763e-01	1.8345346e+00	1.0608411e+00	7.7369356e-01
3.0000000e+02	1.4327009e-01	2.2489642e-01	1.8833952e+00	1.0849677e+00	7.9842752e-01
3.2500000e+02	1.4375098e-01	2.1598858e-01	1.9312515e+00	1.1093768e+00	8.2187480e-01
3.5000000e+02	1.4365262e-01	2.0712891e-01	1.9716439e+00	1.1294746e+00	8.4216934e-01
3.7500000e+02	1.4078107e-01	1.9582242e-01	1.9941527e+00	1.1378574e+00	8.5629523e-01
4.0000000e+02	1.3728593e-01	1.8511862e-01	2.0066612e+00	1.1406165e+00	8.6604464e-01
4.2500000e+02	1.3402823e-01	1.7643437e-01	2.0141058e+00	1.1410811e+00	8.7302470e-01
4.5000000e+02	1.3143152e-01	1.7005037e-01	2.0200276e+00	1.1414454e+00	8.7858230e-01
4.7500000e+02	1.2945873e-01	1.6546290e-01	2.0257511e+00	1.1423342e+00	8.8341683e-01
5.0000000e+02	1.2780845e-01	1.6189149e-01	2.0305355e+00	1.1430762e+00	8.8745928e-01
5.2500000e+02	1.2583898e-01	1.5871051e-01	2.0303309e+00	1.1410044e+00	8.8932645e-01
5.5000000e+02	1.2349035e-01	1.5621442e-01	2.0234418e+00	1.1352112e+00	8.8823056e-01
5.7500000e+02	1.2062671e-01	1.5411691e-01	2.0095770e+00	1.1254152e+00	8.8416183e-01
6.0000000e+02	1.1716537e-01	1.5145954e-01	1.9893471e+00	1.1118389e+00	8.7750816e-01
6.2500000e+02	1.1510383e-01	1.4946309e-01	1.9675003e+00	1.0988539e+00	8.6864632e-01
6.5000000e+02	1.1538520e-01	1.4844859e-01	1.9433612e+00	1.0870658e+00	8.5629541e-01
6.7500000e+02	1.2609792e-01	1.5666941e-01	1.9381883e+00	1.0951921e+00	8.4299624e-01
7.0000000e+02	1.3768178e-01	1.6673581e-01	1.9361610e+00	1.1057622e+00	8.3039874e-01
7.2500000e+02	1.4677435e-01	1.7533194e-01	1.9266758e+00	1.1101122e+00	8.1656355e-01
7.5000000e+02	1.5511599e-01	1.8419510e-01	1.9148664e+00	1.1125492e+00	8.0231726e-01
7.7500000e+02	1.6118208e-01	1.9233613e-01	1.8980855e+00	1.1102248e+00	7.8786063e-01
8.0000000e+02	1.6060491e-01	1.9598313e-01	1.8670686e+00	1.0941392e+00	7.7292943e-01
8.2500000e+02	1.5468021e-01	1.9503151e-01	1.8198680e+00	1.0646142e+00	7.5525379e-01
8.5000000e+02	1.5655158e-01	1.9985478e-01	1.7797998e+00	1.0464514e+00	7.3334831e-01
8.7500000e+02	1.7689140e-01	2.2033148e-01	1.7732422e+00	1.0635126e+00	7.0972973e-01
9.0000000e+02	2.1593176e-01	2.5799528e-01	1.8066776e+00	1.1192706e+00	6.8740702e-01
9.2500000e+02	2.5599414e-01	2.9671660e-01	1.8357772e+00	1.1738827e+00	6.6189444e-01
9.5000000e+02	2.6896009e-01	3.1375101e-01	1.7954860e+00	1.1667031e+00	6.2878287e-01
9.7500000e+02	2.7079520e-01	3.1899196e-01	1.7222601e+00	1.1319252e+00	5.9033489e-01
1.0000000e+03	3.0710617e-01	3.4975100e-01	1.7423482e+00	1.1782802e+00	5.6406796e-01
1.0250000e+03	3.5599077e-01	3.9080939e-01	1.8142989e+00	1.2631402e+00	5.5115867e-01
1.0500000e+03	3.9389548e-01	4.2201516e-01	1.8641752e+00	1.3259830e+00	5.3819215e-01
1.0750000e+03	3.8969702e-01	4.1718194e-01	1.8051906e+00	1.2922924e+00	5.1289827e-01
1.1000000e+03	3.3915028e-01	3.7778029e-01	1.6281202e+00	1.1532104e+00	4.7490981e-01
1.1250000e+03	2.7090037e-01	3.2317433e-01	1.3881170e+00	9.6495885e-01	4.2315811e-01
1.1500000e+03	2.3374677e-01	2.9429790e-01	1.1903549e+00	8.2892424e-01	3.6143070e-01
1.1750000e+03	2.2757047e-01	2.9174939e-01	1.0616860e+00	7.5841349e-01	3.0327255e-01
1.2000000e+03	2.4246097e-01	3.0819622e-01	1.0190403e+00	7.5198114e-01	2.6705921e-01
1.2250000e+03	2.3705615e-01	3.0692393e-01	9.8482943e-01	7.2947085e-01	2.5535858e-01
1.2500000e+03	2.1406274e-01	2.9232782e-01	9.4668114e-01	6.8740332e-01	2.5927782e-01
1.2750000e+03	1.8353769e-01	2.7275661e-01	9.0931940e-01	6.3819742e-01	2.7112201e-01
1.3000000e+03	1.4965358e-01	2.5066754e-01	8.8040429e-01	5.8985573e-01	2.9054856e-01
1.3250000e+03	1.1476001e-01	2.2540474e-01	8.5628140e-01	5.4290068e-01	3.1338069e-01
1.3500000e+03	9.4593830e-02	2.1112953e-01	8.5954058e-01	5.2436411e-01	3.3517647e-01
1.3750000e+03	1.2359755e-01	2.4134120e-01	9.5669621e-01	6.0194564e-01	3.5475057e-01
1.4000000e+03	1.8667528e-01	2.9643586e-01	1.0961459e+00	7.3474824e-01	3.6139765e-01
1.4250000e+03	2.0501922e-01	3.0964875e-01	1.1146101e+00	7.6232427e-01	3.5228580e-01
1.4500000e+03	1.6828762e-01	2.7778938e-01	1.0226674e+00	6.7962134e-01	3.4304607e-01
1.4750000e+03	1.4470942e-01	2.5893551e-01	9.7329450e-01	6.3135666e-01	3.4193784e-01
1.5000000e+03	1.2988618e-01	2.4906795e-01	9.4875652e-01	6.0426444e-01	3.4449208e-01
1.5250000e+03	1.2666993e-01	2.4857940e-01	9.5873237e-01	6.0603613e-01	3.5269624e-01
1.5500000e+03	1.3105190e-01	2.5186029e-01	9.9163997e-01	6.2687188e-01	3.6476809e-01
1.5750000e+03	1.3502930e-01	2.5031826e-01	1.0253379e+00	6.4769828e-01	3.7763965e-01
1.6000000e+03	1.3425553e-01	2.4062800e-01	1.0410533e+00	6.5478218e-01	3.8627112e-01
1.6250000e+03	1.3229977e-01	2.2853155e-01	1.0469611e+00	6.5578032e-01	3.9118075e-01
1.6500000e+03	1.4347930e-01	2.3181325e-01	1.1053252e+00	6.9614190e-01	4.0918332e-01
1.6750000e+03	1.5381162e-01	2.3651189e-01	1.1685653e+00	7.3809427e-01	4.3047100e-01
1.7000000e+03	1.5151869e-01	2.3290399e-01	1.2057909e+00	7.5441414e-01	4.5137674e-01
1.7250000e+03	1.2815765e-01	2.1244979e-01	1.1846170e+00	7.2046614e-01	4.6415088e-01
1.7500000e+03	1.0218982e-01	1.8919340e-01	1.1344720e+00	6.6942585e-01	4.6504617e-01
1.7750000e+03	8.1401698e-02	1.7067993e-01	1.0728483e+00	6.1782587e-01	4.5502245e-01
1.8000000e+03	6.9878832e-02	1.5932040e-01	1.0436614e+00	5.9170949e-01	4.5195186e-01
1.8250000e+03	6.7112982e-02	1.5435344e-01	1.0554849e+00	5.9485543e-01	4.6062946e-01
1.8500000e+03	7.2106257e-02	1.5509026e-01	1.0957100e+00	6.1996126e-01	4.7574878e-01
1.8750000e+03	8.0231480e-02	1.5840787e-01	1.1395040e+00	6.4998347e-01	4.8952049e-01
1.9000000e+03	8.9794405e-02	1.6507745e-01	1.1740274e+00	6.7680812e-01	4.9721932e-01
1.9250000e+03	1.0071037e-01	1.7713910e-01	1.1990769e+00	7.0024884e-01	4.9882808e-01
1.9500000e+03	1.0805924e-01	1.8892521e-01	1.2070439e+00	7.1158117e-01	4.9546272e-01
1.9750000e+03	1.1769509e-01	2.0379932e-01	1.2338109e+00	7.3460054e-01	4.9921036e-01
2.0000000e+03	1.2718847e-01	2.1600260e-01	1.2767847e+00	7.6558077e-01	5.1120389e-01
