# Force coefficients
# liftDir     : (0.0000000e+00 1.0000000e+00 0.0000000e+00)
# dragDir     : (1.0000000e+00 0.0000000e+00 0.0000000e+00)
# pitchAxis   : (0.0000000e+00 0.0000000e+00 1.0000000e+00)
# magUInf     : 9.0551201e+01
# lRef        : 9.0219998e-01
# Aref        : 6.3155003e-02
# CofR        : (2.2555199e-01 0.0000000e+00 0.0000000e+00)
# Time        	Cm            	Cd            	Cl            	Cl(f)         	Cl(r)         	Cm	Cd	Cl	Cl(f)	Cl(r)
2.0250000e+03	1.1598282e-01	1.4215723e-02	7.0853877e-01	4.7025222e-01	2.3828657e-01
2.0500000e+03	1.1594388e-01	1.3888040e-02	7.1016049e-01	4.7102413e-01	2.3913637e-01
2.0750000e+03	1.1585494e-01	1.3754729e-02	7.1094596e-01	4.7132793e-01	2.3961803e-01
2.1000000e+03	1.1584873e-01	1.3693104e-02	7.1166641e-01	4.7168192e-01	2.3998448e-01
2.1250000e+03	1.1573380e-01	1.3637085e-02	7.1179092e-01	4.7162926e-01	2.4016166e-01
2.1500000e+03	1.1571096e-01	1.3589388e-02	7.1221054e-01	4.7181624e-01	2.4039431e-01
2.1750000e+03	1.1555887e-01	1.3538249e-02	7.1211511e-01	4.7161642e-01	2.4049869e-01
2.2000000e+03	1.1549214e-01	1.3478760e-02	7.1243078e-01	4.7170752e-01	2.4072325e-01
2.2250000e+03	1.1530075e-01	1.3408454e-02	7.1230006e-01	4.7145078e-01	2.4084929e-01
2.2500000e+03	1.1521979e-01	1.3324669e-02	7.1278352e-01	4.7161156e-01	2.4117197e-01
2.2750000e+03	1.1500831e-01	1.3212790e-02	7.1284592e-01	4.7143126e-01	2.4141465e-01
2.3000000e+03	1.1489831e-01	1.3107771e-02	7.1322548e-01	4.7151107e-01	2.4171443e-01
2.3250000e+03	1.1467179e-01	1.3015867e-02	7.1292812e-01	4.7113585e-01	2.4179226e-01
2.3500000e+03	1.1455757e-01	1.2948905e-02	7.1290201e-01	4.7100857e-01	2.4189344e-01
2.3750000e+03	1.1433505e-01	1.2892142e-02	7.1231669e-01	4.7049341e-01	2.4182329e-01
2.4000000e+03	1.1422310e-01	1.2844916e-02	7.1211773e-01	4.7028196e-01	2.4183577e-01
2.4250000e+03	1.1400778e-01	1.2795228e-02	7.1146071e-01	4.6973813e-01	2.4172258e-01
2.4500000e+03	1.1391401e-01	1.2754831e-02	7.1127015e-01	4.6954909e-01	2.4172106e-01
2.4750000e+03	1.1372174e-01	1.2714003e-02	7.1066898e-01	4.6905625e-01	2.4161275e-01
2.5000000e+03	1.1365784e-01	1.2686415e-02	7.1055174e-01	4.6893370e-01	2.4161804e-01
2.5250000e+03	1.1351079e-01	1.2665572e-02	7.1003926e-01	4.6853042e-01	2.4150884e-01
2.5500000e+03	1.1351548e-01	1.2663896e-02	7.1005994e-01	4.6854544e-01	2.4151449e-01
2.5750000e+03	1.1345831e-01	1.2671272e-02	7.0973617e-01	4.6832639e-01	2.4140978e-01
2.6000000e+03	1.1355675e-01	1.2694814e-02	7.0995224e-01	4.6853286e-01	2.4141937e-01
2.6250000e+03	1.1357807e-01	1.2723356e-02	7.0978540e-01	4.6847075e-01	2.4131463e-01
2.6500000e+03	1.1370535e-01	1.2756419e-02	7.1005416e-01	4.6873242e-01	2.4132173e-01
2.6750000e+03	1.1367300e-01	1.2769480e-02	7.0977932e-01	4.6856266e-01	2.4121666e-01
2.7000000e+03	1.1367995e-01	1.2766688e-02	7.0981151e-01	4.6858570e-01	2.4122581e-01
2.7250000e+03	1.1349666e-01	1.2735331e-02	7.0924866e-01	4.6812099e-01	2.4112767e-01
2.7500000e+03	1.1339422e-01	1.2699570e-02	7.0908922e-01	4.6793884e-01	2.4115039e-01
2.7750000e+03	1.1324747e-01	1.2674921e-02	7.0864105e-01	4.6756798e-01	2.4107306e-01
2.8000000e+03	1.1330651e-01	1.2678447e-02	7.0886445e-01	4.6773875e-01	2.4112572e-01
2.8250000e+03	1.1329003e-01	1.2682872e-02	7.0874208e-01	4.6766108e-01	2.4108100e-01
2.8500000e+03	1.1337985e-01	1.2688493e-02	7.0907712e-01	4.6791840e-01	2.4115871e-01
2.8750000e+03	1.1335386e-01	1.2685672e-02	7.0896548e-01	4.6783659e-01	2.4112889e-01
2.9000000e+03	1.1343065e-01	1.2685341e-02	7.0928627e-01	4.6807379e-01	2.4121249e-01
2.9250000e+03	1.1338442e-01	1.2677306e-02	7.0913184e-01	4.6795034e-01	2.4118149e-01
2.9500000e+03	1.1344176e-01	1.2673623e-02	7.0940554e-01	4.6814454e-01	2.4126101e-01
2.9750000e+03	1.1338948e-01	1.2665996e-02	7.0923167e-01	4.6800530e-01	2.4122636e-01
3.0000000e+03	1.1344242e-01	1.2664044e-02	7.0949256e-01	4.6818870e-01	2.4130386e-01
3.0250000e+03	1.1336807e-01	1.2654846e-02	7.0927143e-01	4.6800378e-01	2.4126765e-01
3.0500000e+03	1.1339413e-01	1.2650525e-02	7.0947176e-01	4.6812999e-01	2.4134175e-01
3.0750000e+03	1.1331983e-01	1.2645127e-02	7.0923954e-01	4.6793962e-01	2.4129994e-01
3.1000000e+03	1.1338416e-01	1.2651549e-02	7.0951170e-01	4.6814001e-01	2.4137169e-01
3.1250000e+03	1.1337086e-01	1.2659987e-02	7.0941502e-01	4.6807837e-01	2.4133664e-01
3.1500000e+03	1.1349932e-01	1.2680525e-02	7.0984334e-01	4.6842098e-01	2.4142236e-01
3.1750000e+03	1.1354227e-01	1.2701728e-02	7.0988935e-01	4.6848696e-01	2.4140240e-01
3.2000000e+03	1.1372542e-01	1.2735157e-02	7.1045190e-01	4.6895137e-01	2.4150053e-01
3.2250000e+03	1.1381761e-01	1.2768314e-02	7.1061867e-01	4.6912694e-01	2.4149173e-01
3.2500000e+03	1.1400849e-01	1.2803541e-02	7.1122473e-01	4.6962085e-01	2.4160388e-01
3.2750000e+03	1.1404385e-01	1.2822415e-02	7.1130258e-01	4.6969515e-01	2.4160744e-01
3.3000000e+03	1.1416373e-01	1.2839214e-02	7.1177912e-01	4.7005329e-01	2.4172583e-01
3.3250000e+03	1.1418248e-01	1.2852195e-02	7.1182460e-01	4.7009477e-01	2.4172983e-01
3.3500000e+03	1.1434841e-01	1.2877131e-02	7.1239364e-01	4.7054523e-01	2.4184841e-01
3.3750000e+03	1.1443325e-01	1.2902305e-02	7.1258312e-01	4.7072482e-01	2.4185830e-01
3.4000000e+03	1.1464100e-01	1.2933404e-02	7.1325916e-01	4.7127056e-01	2.4198858e-01
3.4250000e+03	1.1472776e-01	1.2955111e-02	7.1348518e-01	4.7147036e-01	2.4201483e-01
3.4500000e+03	1.1490594e-01	1.2975887e-02	7.1413666e-01	4.7197425e-01	2.4216239e-01
3.4750000e+03	1.1494728e-01	1.2983316e-02	7.1429902e-01	4.7209680e-01	2.4220222e-01
3.5000000e+03	1.1508074e-01	1.2989913e-02	7.1488017e-01	4.7252083e-01	2.4235934e-01
3.5250000e+03	1.1508834e-01	1.2986802e-02	7.1498317e-01	4.7257993e-01	2.4240324e-01
3.5500000e+03	1.1520089e-01	1.2987211e-02	7.1552032e-01	4.7296107e-01	2.4255927e-01
3.5750000e+03	1.1519868e-01	1.2981610e-02	7.1559459e-01	4.7299597e-01	2.4259862e-01
3.6000000e+03	1.1530726e-01	1.2981202e-02	7.1611315e-01	4.7336385e-01	2.4274930e-01
3.6250000e+03	1.1530099e-01	1.2975178e-02	7.1617013e-01	4.7338605e-01	2.4278408e-01
3.6500000e+03	1.1540563e-01	1.2973712e-02	7.1667767e-01	4.7374445e-01	2.4293321e-01
3.6750000e+03	1.1539412e-01	1.2965250e-02	7.1672636e-01	4.7375730e-01	2.4296907e-01
3.7000000e+03	1.1549338e-01	1.2961237e-02	7.1722841e-01	4.7410759e-01	2.4312082e-01
3.7250000e+03	1.1547693e-01	1.2950500e-02	7.1727383e-01	4.7411385e-01	2.4315998e-01
3.7500000e+03	1.1557055e-01	1.2944502e-02	7.1776694e-01	4.7445402e-01	2.4331293e-01
3.7750000e+03	1.1554807e-01	1.2932068e-02	7.1779931e-01	4.7444773e-01	2.4335158e-01
3.8000000e+03	1.1563566e-01	1.2924008e-02	7.1827853e-01	4.7477493e-01	2.4350360e-01
3.8250000e+03	1.1560602e-01	1.2910252e-02	7.1828800e-01	4.7475001e-01	2.4353799e-01
3.8500000e+03	1.1568577e-01	1.2901401e-02	7.1873873e-01	4.7505513e-01	2.4368361e-01
3.8750000e+03	1.1564861e-01	1.2886954e-02	7.1871632e-01	4.7500676e-01	2.4370955e-01
3.9000000e+03	1.1572265e-01	1.2877855e-02	7.1913981e-01	4.7529256e-01	2.4384725e-01
3.9250000e+03	1.1568055e-01	1.2863283e-02	7.1909475e-01	4.7522792e-01	2.4386683e-01
3.9500000e+03	1.1575083e-01	1.2854466e-02	7.1949703e-01	4.7549933e-01	2.4399768e-01
3.9750000e+03	1.1570665e-01	1.2840513e-02	7.1943760e-01	4.7542545e-01	2.4401215e-01
4.0000000e+03	1.1577526e-01	1.2832300e-02	7.1982747e-01	4.7568899e-01	2.4413848e-01
4.0250000e+03	1.1572882e-01	1.2818657e-02	7.1975178e-01	4.7560471e-01	2.4414706e-01
4.0500000e+03	1.1579482e-01	1.2810651e-02	7.2012663e-01	4.7585815e-01	2.4426849e-01
4.0750000e+03	1.1574632e-01	1.2797860e-02	7.2003561e-01	4.7576413e-01	2.4427149e-01
4.1000000e+03	1.1581098e-01	1.2790658e-02	7.2039598e-01	4.7600898e-01	2.4438700e-01
4.1250000e+03	1.1576140e-01	1.2778451e-02	7.2028929e-01	4.7590604e-01	2.4438325e-01
4.1500000e+03	1.1582409e-01	1.2772205e-02	7.2063059e-01	4.7613937e-01	2.4449120e-01
4.1750000e+03	1.1577260e-01	1.2761258e-02	7.2050786e-01	4.7602654e-01	2.4448133e-01
4.2000000e+03	1.1583342e-01	1.2756174e-02	7.2083318e-01	4.7624999e-01	2.4458317e-01
4.2250000e+03	1.1577999e-01	1.2746163e-02	7.2069472e-01	4.7612736e-01	2.4456736e-01
4.2500000e+03	1.1584038e-01	1.2742155e-02	7.2101146e-01	4.7634611e-01	2.4466535e-01
4.2750000e+03	1.1578723e-01	1.2732648e-02	7.2086912e-01	4.7622180e-01	2.4464732e-01
4.3000000e+03	1.1584795e-01	1.2728469e-02	7.2118247e-01	4.7643918e-01	2.4474329e-01
4.3250000e+03	1.1579458e-01	1.2719364e-02	7.2103018e-01	4.7630966e-01	2.4472050e-01
4.3500000e+03	1.1585519e-01	1.2716725e-02	7.2133142e-01	4.7652090e-01	2.4481052e-01
4.3750000e+03	1.1580221e-01	1.2709189e-02	7.2117090e-01	4.7638765e-01	2.4478325e-01
4.4000000e+03	1.1586199e-01	1.2706828e-02	7.2146523e-01	4.7659460e-01	2.4487063e-01
4.4250000e+03	1.1580760e-01	1.2698842e-02	7.2130150e-01	4.7645834e-01	2.4484316e-01
4.4500000e+03	1.1586696e-01	1.2696614e-02	7.2159046e-01	4.7666219e-01	2.4492827e-01
4.4750000e+03	1.1581244e-01	1.2690085e-02	7.2141463e-01	4.7651976e-01	2.4489486e-01
4.5000000e+03	1.1587211e-01	1.2689695e-02	7.2169453e-01	4.7671938e-01	2.4497515e-01
