# Force coefficients
# liftDir     : (0.0000000e+00 1.0000000e+00 0.0000000e+00)
# dragDir     : (1.0000000e+00 0.0000000e+00 0.0000000e+00)
# pitchAxis   : (0.0000000e+00 0.0000000e+00 1.0000000e+00)
# magUInf     : 3.6089199e+01
# lRef        : 9.0219998e-01
# Aref        : 8.1198998e-02
# CofR        : (2.2555199e-01 0.0000000e+00 0.0000000e+00)
# Time        	Cm            	Cd            	Cl            	Cl(f)         	Cl(r)         	Cm	Cd	Cl	Cl(f)	Cl(r)
2.5000000e+01	8.8108845e-02	1.8207745e-01	9.2019534e-01	5.4820651e-01	3.7198883e-01
5.0000000e+01	1.1518499e-01	2.0936410e-01	1.0842208e+00	6.5729535e-01	4.2692539e-01
7.5000000e+01	1.1114316e-01	2.0568924e-01	1.1353925e+00	6.7883945e-01	4.5655310e-01
1.0000000e+02	1.1604775e-01	2.1047390e-01	1.2066537e+00	7.1937460e-01	4.8727912e-01
1.2500000e+02	1.2536953e-01	2.1849409e-01	1.2931074e+00	7.7192324e-01	5.2118415e-01
1.5000000e+02	1.3268542e-01	2.2375961e-01	1.3793446e+00	8.2235771e-01	5.5698687e-01
1.7500000e+02	1.3615103e-01	2.2317198e-01	1.4555467e+00	8.6392438e-01	5.9162235e-01
2.0000000e+02	1.3901319e-01	2.2023234e-01	1.5282151e+00	9.0312070e-01	6.2509435e-01
2.2500000e+02	1.4021794e-01	2.1429986e-01	1.5914069e+00	9.3592143e-01	6.5548551e-01
2.5000000e+02	1.4079443e-01	2.0687723e-01	1.6483214e+00	9.6495509e-01	6.8336630e-01
2.7500000e+02	1.4050713e-01	1.9817112e-01	1.6980739e+00	9.8954403e-01	7.0852983e-01
3.0000000e+02	1.4060362e-01	1.8974236e-01	1.7460933e+00	1.0136503e+00	7.3244303e-01
3.2500000e+02	1.4124425e-01	1.8218654e-01	1.7923979e+00	1.0374432e+00	7.5495470e-01
3.5000000e+02	1.4086084e-01	1.7411710e-01	1.8297075e+00	1.0557146e+00	7.7399290e-01
3.7500000e+02	1.3822466e-01	1.6441339e-01	1.8516884e+00	1.0640688e+00	7.8761953e-01
4.0000000e+02	1.3524909e-01	1.5551537e-01	1.8657228e+00	1.0681105e+00	7.9761231e-01
4.2500000e+02	1.3227051e-01	1.4799416e-01	1.8746772e+00	1.0696092e+00	8.0506808e-01
4.5000000e+02	1.2978221e-01	1.4215024e-01	1.8821694e+00	1.0708669e+00	8.1130248e-01
4.7500000e+02	1.2764117e-01	1.3744879e-01	1.8887796e+00	1.0720310e+00	8.1674862e-01
5.0000000e+02	1.2577131e-01	1.3355196e-01	1.8940718e+00	1.0728072e+00	8.2126462e-01
5.2500000e+02	1.2360314e-01	1.3012344e-01	1.8943920e+00	1.0707991e+00	8.2359290e-01
5.5000000e+02	1.2118638e-01	1.2753990e-01	1.8894711e+00	1.0659219e+00	8.2354915e-01
5.7500000e+02	1.1850120e-01	1.2551078e-01	1.8794621e+00	1.0582323e+00	8.2122988e-01
6.0000000e+02	1.1724814e-01	1.2487610e-01	1.8704138e+00	1.0524551e+00	8.1795877e-01
6.2500000e+02	1.1699764e-01	1.2476360e-01	1.8628188e+00	1.0484071e+00	8.1441176e-01
6.5000000e+02	1.1727289e-01	1.2471361e-01	1.8566411e+00	1.0455934e+00	8.1104761e-01
6.7500000e+02	1.1733296e-01	1.2416023e-01	1.8491130e+00	1.0418894e+00	8.0722356e-01
7.0000000e+02	1.1720108e-01	1.2332124e-01	1.8401661e+00	1.0372841e+00	8.0288196e-01
7.2500000e+02	1.1611969e-01	1.2171617e-01	1.8266641e+00	1.0294517e+00	7.9721236e-01
7.5000000e+02	1.1608566e-01	1.2115644e-01	1.8119534e+00	1.0220624e+00	7.8989106e-01
7.7500000e+02	1.1925310e-01	1.2330316e-01	1.8005377e+00	1.0195220e+00	7.8101575e-01
8.0000000e+02	1.2216230e-01	1.2573895e-01	1.7875532e+00	1.0159389e+00	7.7161431e-01
8.2500000e+02	1.2232018e-01	1.2645714e-01	1.7669864e+00	1.0058134e+00	7.6117301e-01
8.5000000e+02	1.1990458e-01	1.2557115e-01	1.7394944e+00	9.8965180e-01	7.4984264e-01
8.7500000e+02	1.1395268e-01	1.2223519e-01	1.7030063e+00	9.6545583e-01	7.3755044e-01
9.0000000e+02	1.0563604e-01	1.1725760e-01	1.6604609e+00	9.3586653e-01	7.2459441e-01
9.2500000e+02	9.8683998e-02	1.1328518e-01	1.6181114e+00	9.0773970e-01	7.1037167e-01
9.5000000e+02	9.7278565e-02	1.1373517e-01	1.5864043e+00	8.9048076e-01	6.9592357e-01
9.7500000e+02	9.8979756e-02	1.1697986e-01	1.5611651e+00	8.7956232e-01	6.8160278e-01
1.0000000e+03	9.5536746e-02	1.1684155e-01	1.5257015e+00	8.5838753e-01	6.6731399e-01
1.0250000e+03	8.1213802e-02	1.0834640e-01	1.4649833e+00	8.1370544e-01	6.5127790e-01
1.0500000e+03	6.3117027e-02	9.6094102e-02	1.3929611e+00	7.5959760e-01	6.3336354e-01
1.0750000e+03	6.1483588e-02	9.5645472e-02	1.3558213e+00	7.3939419e-01	6.1642706e-01
1.1000000e+03	7.9260550e-02	1.1165251e-01	1.3681375e+00	7.6332927e-01	6.0480821e-01
1.1250000e+03	9.5362037e-02	1.2669016e-01	1.3832536e+00	7.8698885e-01	5.9626472e-01
1.1500000e+03	9.8346442e-02	1.3276735e-01	1.3729898e+00	7.8484130e-01	5.8814847e-01
1.1750000e+03	7.6313414e-02	1.2098219e-01	1.3060044e+00	7.2931564e-01	5.7668877e-01
1.2000000e+03	4.1009735e-02	9.8343760e-02	1.2018973e+00	6.4195836e-01	5.5993891e-01
1.2250000e+03	3.3083171e-02	9.3998693e-02	1.1550417e+00	6.1060405e-01	5.4443765e-01
1.2500000e+03	6.0785152e-02	1.1841311e-01	1.2010484e+00	6.6130936e-01	5.3973901e-01
1.2750000e+03	8.8643648e-02	1.4182305e-01	1.2607261e+00	7.1900672e-01	5.4171938e-01
1.3000000e+03	1.0459741e-01	1.5234393e-01	1.2955579e+00	7.5237632e-01	5.4318154e-01
1.3250000e+03	1.1297403e-01	1.5816081e-01	1.3131074e+00	7.6952773e-01	5.4357964e-01
1.3500000e+03	1.0156718e-01	1.5057096e-01	1.2839813e+00	7.4355781e-01	5.4042351e-01
1.3750000e+03	7.6038539e-02	1.3294981e-01	1.2205765e+00	6.8632680e-01	5.3424972e-01
1.4000000e+03	5.7716042e-02	1.1991988e-01	1.1732254e+00	6.4432871e-01	5.2889669e-01
1.4250000e+03	6.5832578e-02	1.2827125e-01	1.1937022e+00	6.6268367e-01	5.3101856e-01
1.4500000e+03	8.4066220e-02	1.4477135e-01	1.2455585e+00	7.0684546e-01	5.3871304e-01
1.4750000e+03	1.0241529e-01	1.5930997e-01	1.3023428e+00	7.5358665e-01	5.4875612e-01
1.5000000e+03	1.0605198e-01	1.5868935e-01	1.3165350e+00	7.6431948e-01	5.5221552e-01
1.5250000e+03	9.4656952e-02	1.4592062e-01	1.2874265e+00	7.3837018e-01	5.4905629e-01
1.5500000e+03	7.7817887e-02	1.3132291e-01	1.2473903e+00	7.0151305e-01	5.4587722e-01
1.5750000e+03	6.3749842e-02	1.1971151e-01	1.2170016e+00	6.7225063e-01	5.4475093e-01
1.6000000e+03	6.4797238e-02	1.1972568e-01	1.2280263e+00	6.7881036e-01	5.4921591e-01
1.6250000e+03	7.6064937e-02	1.2926175e-01	1.2687546e+00	7.1044225e-01	5.5831236e-01
1.6500000e+03	8.9183301e-02	1.4053270e-01	1.3128898e+00	7.4562824e-01	5.6726158e-01
1.6750000e+03	9.3999311e-02	1.4387558e-01	1.3269306e+00	7.5746465e-01	5.6946599e-01
1.7000000e+03	8.5520804e-02	1.3494845e-01	1.2974945e+00	7.3426807e-01	5.6322646e-01
1.7250000e+03	7.1815871e-02	1.2237230e-01	1.2551690e+00	6.9940037e-01	5.5576867e-01
1.7500000e+03	5.9842829e-02	1.1196427e-01	1.2209519e+00	6.7031878e-01	5.5063313e-01
1.7750000e+03	5.9591062e-02	1.1164864e-01	1.2253180e+00	6.7225003e-01	5.5306792e-01
1.8000000e+03	6.5464526e-02	1.1737197e-01	1.2524536e+00	6.9169128e-01	5.6076229e-01
1.8250000e+03	7.3327176e-02	1.2499589e-01	1.2854753e+00	7.1606481e-01	5.6941044e-01
1.8500000e+03	7.9104885e-02	1.3093799e-01	1.3085612e+00	7.3338550e-01	5.7517570e-01
1.8750000e+03	7.4489191e-02	1.2732472e-01	1.2943743e+00	7.2167635e-01	5.7269800e-01
1.9000000e+03	6.2150959e-02	1.1643595e-01	1.2532129e+00	6.8875742e-01	5.6445551e-01
1.9250000e+03	5.0346114e-02	1.0584114e-01	1.2157073e+00	6.5819979e-01	5.5750751e-01
1.9500000e+03	4.9309552e-02	1.0445234e-01	1.2154191e+00	6.5701908e-01	5.5839998e-01
1.9750000e+03	5.4592222e-02	1.0969587e-01	1.2429202e+00	6.7605233e-01	5.6686783e-01
2.0000000e+03	6.1770789e-02	1.1614303e-01	1.2794538e+00	7.0149767e-01	5.7795608e-01
