# Force coefficients
# liftDir     : (0.0000000e+00 1.0000000e+00 0.0000000e+00)
# dragDir     : (1.0000000e+00 0.0000000e+00 0.0000000e+00)
# pitchAxis   : (0.0000000e+00 0.0000000e+00 1.0000000e+00)
# magUInf     : 3.6089199e+01
# lRef        : 9.0219998e-01
# Aref        : 6.3155003e-02
# CofR        : (2.2555199e-01 0.0000000e+00 0.0000000e+00)
# Time        	Cm            	Cd            	Cl            	Cl(f)         	Cl(r)         	Cm	Cd	Cl	Cl(f)	Cl(r)
2.5000000e+01	7.6696776e-02	2.7670828e-01	1.1345237e+00	6.4395863e-01	4.9056509e-01
5.0000000e+01	1.5255485e-01	3.6262628e-01	1.4144611e+00	8.5978544e-01	5.5467570e-01
7.5000000e+01	1.2806888e-01	3.4132501e-01	1.4439451e+00	8.5004139e-01	5.9390366e-01
1.0000000e+02	1.2972866e-01	3.4582078e-01	1.5233757e+00	8.9141655e-01	6.3195920e-01
1.2500000e+02	1.3483882e-01	3.5216659e-01	1.6100382e+00	9.3985790e-01	6.7018026e-01
1.5000000e+02	1.4662105e-01	3.6563766e-01	1.7197683e+00	1.0065053e+00	7.1326309e-01
1.7500000e+02	1.5080327e-01	3.6624095e-01	1.8100703e+00	1.0558383e+00	7.5423187e-01
2.0000000e+02	1.5309720e-01	3.6092219e-01	1.8921348e+00	1.0991646e+00	7.9297018e-01
2.2500000e+02	1.5407725e-01	3.5158312e-01	1.9639646e+00	1.1360595e+00	8.2790506e-01
2.5000000e+02	1.5435256e-01	3.4004337e-01	2.0278068e+00	1.1682559e+00	8.5955083e-01
2.7500000e+02	1.5349765e-01	3.2651475e-01	2.0815039e+00	1.1942496e+00	8.8725430e-01
3.0000000e+02	1.5269162e-01	3.1332177e-01	2.1305571e+00	1.2179701e+00	9.1258693e-01
3.2500000e+02	1.5222940e-01	3.0142298e-01	2.1759384e+00	1.2401986e+00	9.3573976e-01
3.5000000e+02	1.5317769e-01	2.9296306e-01	2.2212124e+00	1.2637839e+00	9.5742851e-01
3.7500000e+02	1.5144324e-01	2.8250426e-01	2.2485638e+00	1.2757251e+00	9.7283864e-01
4.0000000e+02	1.4653841e-01	2.7021241e-01	2.2558451e+00	1.2744609e+00	9.8138416e-01
4.2500000e+02	1.4202595e-01	2.6221162e-01	2.2570138e+00	1.2705328e+00	9.8648095e-01
4.5000000e+02	1.3857619e-01	2.5955507e-01	2.2558780e+00	1.2665151e+00	9.8936278e-01
4.7500000e+02	1.3626672e-01	2.6207849e-01	2.2539628e+00	1.2632481e+00	9.9071467e-01
5.0000000e+02	1.3482524e-01	2.6875114e-01	2.2510145e+00	1.2603325e+00	9.9068201e-01
5.2500000e+02	1.3384494e-01	2.7827448e-01	2.2404006e+00	1.2540452e+00	9.8635530e-01
5.5000000e+02	1.3487421e-01	2.9398242e-01	2.2237155e+00	1.2467320e+00	9.7698355e-01
5.7500000e+02	1.4066593e-01	3.2374537e-01	2.2256320e+00	1.2534819e+00	9.7215003e-01
6.0000000e+02	1.4544280e-01	3.5433078e-01	2.2245169e+00	1.2577013e+00	9.6681565e-01
6.2500000e+02	1.5217422e-01	3.8544738e-01	2.2216411e+00	1.2629948e+00	9.5864630e-01
6.5000000e+02	1.6174746e-01	4.1634393e-01	2.2128422e+00	1.2681686e+00	9.4467366e-01
6.7500000e+02	1.7352858e-01	4.4849145e-01	2.2019439e+00	1.2745005e+00	9.2744339e-01
7.0000000e+02	1.9039625e-01	4.8620811e-01	2.1978171e+00	1.2893047e+00	9.0851229e-01
7.2500000e+02	2.1505252e-01	5.3179175e-01	2.2034469e+00	1.3167759e+00	8.8667095e-01
7.5000000e+02	2.4308650e-01	5.8233130e-01	2.2193663e+00	1.3527696e+00	8.6659664e-01
7.7500000e+02	2.5137278e-01	6.1676842e-01	2.2171943e+00	1.3599700e+00	8.5722435e-01
8.0000000e+02	2.3983838e-01	6.2723589e-01	2.1653080e+00	1.3224924e+00	8.4281564e-01
8.2500000e+02	2.1323533e-01	6.1784053e-01	2.0652673e+00	1.2458690e+00	8.1939834e-01
8.5000000e+02	1.8853533e-01	6.0335284e-01	1.9498050e+00	1.1634378e+00	7.8636718e-01
8.7500000e+02	1.9896615e-01	6.1607748e-01	1.8889143e+00	1.1434233e+00	7.4549103e-01
9.0000000e+02	2.4245310e-01	6.5826946e-01	1.8980759e+00	1.1914911e+00	7.0658487e-01
9.2500000e+02	2.9541251e-01	7.0911360e-01	1.9413168e+00	1.2660710e+00	6.7524588e-01
9.5000000e+02	3.4735760e-01	7.5259197e-01	1.9888344e+00	1.3417748e+00	6.4705956e-01
9.7500000e+02	4.1698974e-01	8.0705202e-01	2.0654500e+00	1.4497147e+00	6.1573523e-01
1.0000000e+03	4.8228282e-01	8.5529822e-01	2.1234107e+00	1.5439882e+00	5.7942253e-01
1.0250000e+03	4.8506191e-01	8.4486794e-01	2.0492215e+00	1.5096726e+00	5.3954887e-01
1.0500000e+03	4.8488882e-01	8.2985997e-01	1.9665128e+00	1.4681453e+00	4.9836758e-01
1.0750000e+03	5.0644040e-01	8.3491313e-01	1.9270120e+00	1.4699464e+00	4.5706558e-01
1.1000000e+03	5.4507047e-01	8.6411363e-01	1.9365786e+00	1.5133598e+00	4.2321885e-01
1.1250000e+03	5.6396943e-01	8.7370801e-01	1.9105924e+00	1.5192657e+00	3.9132679e-01
1.1500000e+03	5.6881100e-01	8.6429489e-01	1.8510419e+00	1.4943320e+00	3.5670996e-01
1.1750000e+03	5.6431448e-01	8.4188348e-01	1.7652643e+00	1.4469466e+00	3.1831765e-01
1.2000000e+03	5.5781353e-01	8.1985396e-01	1.6795105e+00	1.3975687e+00	2.8194171e-01
1.2250000e+03	5.4267037e-01	7.9097319e-01	1.5801407e+00	1.3327408e+00	2.4739999e-01
1.2500000e+03	5.1348048e-01	7.4840951e-01	1.4535381e+00	1.2402495e+00	2.1328855e-01
1.2750000e+03	4.6709618e-01	6.8929690e-01	1.2899826e+00	1.1120875e+00	1.7789510e-01
1.3000000e+03	4.1504928e-01	6.2782764e-01	1.1104720e+00	9.7028530e-01	1.4018670e-01
1.3250000e+03	3.8944244e-01	5.9544200e-01	9.6665949e-01	8.7277222e-01	9.3887299e-02
1.3500000e+03	4.1232237e-01	6.0802406e-01	8.8655996e-01	8.5560238e-01	3.0957609e-02
1.3750000e+03	4.5025617e-01	6.2872326e-01	8.2112551e-01	8.6081892e-01	-3.9693415e-02
1.4000000e+03	4.7043964e-01	6.3063073e-01	7.6145363e-01	8.5116649e-01	-8.9712828e-02
1.4250000e+03	4.6332824e-01	6.1048096e-01	7.0355189e-01	8.1510419e-01	-1.1155230e-01
1.4500000e+03	4.4033748e-01	5.8082134e-01	6.5893161e-01	7.6980329e-01	-1.1087167e-01
1.4750000e+03	4.1427311e-01	5.5151802e-01	6.2823558e-01	7.2839093e-01	-1.0015532e-01
1.5000000e+03	3.7269491e-01	5.0479090e-01	5.7133645e-01	6.5836310e-01	-8.7026685e-02
1.5250000e+03	3.1697536e-01	4.4312921e-01	4.9188450e-01	5.6291759e-01	-7.1033105e-02
1.5500000e+03	2.5160450e-01	3.7425768e-01	4.0956113e-01	4.5638508e-01	-4.6823934e-02
1.5750000e+03	1.8720330e-01	3.1257388e-01	3.5670158e-01	3.6555409e-01	-8.8525116e-03
1.6000000e+03	1.3389790e-01	2.6795536e-01	3.4216931e-01	3.0498254e-01	3.7186757e-02
1.6250000e+03	1.1124618e-01	2.5821704e-01	3.9009720e-01	3.0629477e-01	8.3802424e-02
1.6500000e+03	1.3362713e-01	2.9651073e-01	5.3166556e-01	3.9945990e-01	1.3220565e-01
1.6750000e+03	1.4743833e-01	3.1454286e-01	6.2642324e-01	4.6064997e-01	1.6577329e-01
1.7000000e+03	1.2664789e-01	2.7706486e-01	5.8837599e-01	4.2083588e-01	1.6754010e-01
1.7250000e+03	1.0677122e-01	2.4803248e-01	5.8582258e-01	3.9968252e-01	1.8614008e-01
1.7500000e+03	1.0441818e-01	2.4766940e-01	6.2360752e-01	4.1622195e-01	2.0738557e-01
1.7750000e+03	1.2684838e-01	2.8183356e-01	7.4614632e-01	4.9992156e-01	2.4622478e-01
1.8000000e+03	1.5298942e-01	3.2769275e-01	9.0663600e-01	6.0630739e-01	3.0032858e-01
1.8250000e+03	1.8025193e-01	3.8142160e-01	1.1036171e+00	7.3206043e-01	3.7155661e-01
1.8500000e+03	1.9453126e-01	4.1894624e-01	1.2800820e+00	8.3457226e-01	4.4550973e-01
1.8750000e+03	1.9526814e-01	4.3522355e-01	1.4300195e+00	9.1027790e-01	5.1974159e-01
1.9000000e+03	1.8590012e-01	4.2799523e-01	1.5582314e+00	9.6501577e-01	5.9321558e-01
1.9250000e+03	1.7606451e-01	4.0364975e-01	1.6715773e+00	1.0118532e+00	6.5972418e-01
1.9500000e+03	1.6879798e-01	3.6699733e-01	1.7677182e+00	1.0526571e+00	7.1506113e-01
1.9750000e+03	1.7578146e-01	3.4258133e-01	1.8931961e+00	1.1223795e+00	7.7081656e-01
2.0000000e+03	1.8286571e-01	3.1518644e-01	1.9924622e+00	1.1790968e+00	8.1336534e-01
