# Force coefficients
# liftDir     : (0.0000000e+00 1.0000000e+00 0.0000000e+00)
# dragDir     : (1.0000000e+00 0.0000000e+00 0.0000000e+00)
# pitchAxis   : (0.0000000e+00 0.0000000e+00 1.0000000e+00)
# magUInf     : 3.6089199e+01
# lRef        : 9.0219998e-01
# Aref        : 4.5109998e-02
# CofR        : (2.2555199e-01 0.0000000e+00 0.0000000e+00)
# Time        	Cm            	Cd            	Cl            	Cl(f)         	Cl(r)         	Cm	Cd	Cl	Cl(f)	Cl(r)
2.5000000e+01	8.3706759e-02	1.6390373e-01	8.7201142e-01	5.1971245e-01	3.5229895e-01
5.0000000e+01	1.1246638e-01	1.9030787e-01	1.0269614e+00	6.2594712e-01	4.0101433e-01
7.5000000e+01	1.0870524e-01	1.8653660e-01	1.0769759e+00	6.4719319e-01	4.2978275e-01
1.0000000e+02	1.1404124e-01	1.9090497e-01	1.1470134e+00	6.8754792e-01	4.5946547e-01
1.2500000e+02	1.2348890e-01	1.9846958e-01	1.2308831e+00	7.3893046e-01	4.9195266e-01
1.5000000e+02	1.3036107e-01	2.0307191e-01	1.3130715e+00	7.8689682e-01	5.2617466e-01
1.7500000e+02	1.3381723e-01	2.0267403e-01	1.3869089e+00	8.2727170e-01	5.5963719e-01
2.0000000e+02	1.3650496e-01	1.9992839e-01	1.4569978e+00	8.6500382e-01	5.9199393e-01
2.2500000e+02	1.3748358e-01	1.9436316e-01	1.5177156e+00	8.9634138e-01	6.2137419e-01
2.5000000e+02	1.3788982e-01	1.8742701e-01	1.5726806e+00	9.2423010e-01	6.4845049e-01
2.7500000e+02	1.3760729e-01	1.7941861e-01	1.6213086e+00	9.4826156e-01	6.7304701e-01
3.0000000e+02	1.3784471e-01	1.7175803e-01	1.6688961e+00	9.7229278e-01	6.9660330e-01
3.2500000e+02	1.3850066e-01	1.6480862e-01	1.7141434e+00	9.9557233e-01	7.1857107e-01
3.5000000e+02	1.3798046e-01	1.5720023e-01	1.7496263e+00	1.0127935e+00	7.3683268e-01
3.7500000e+02	1.3556270e-01	1.4843716e-01	1.7711439e+00	1.0211346e+00	7.5000924e-01
4.0000000e+02	1.3297197e-01	1.4057086e-01	1.7857282e+00	1.0258361e+00	7.5989211e-01
4.2500000e+02	1.3038531e-01	1.3392149e-01	1.7958208e+00	1.0282958e+00	7.6752508e-01
4.5000000e+02	1.2833785e-01	1.2874058e-01	1.8052337e+00	1.0309547e+00	7.7427900e-01
4.7500000e+02	1.2659642e-01	1.2445611e-01	1.8140289e+00	1.0336108e+00	7.8041804e-01
5.0000000e+02	1.2507865e-01	1.2082455e-01	1.8214350e+00	1.0357962e+00	7.8563881e-01
5.2500000e+02	1.2328669e-01	1.1770434e-01	1.8241042e+00	1.0353388e+00	7.8876543e-01
5.5000000e+02	1.2139503e-01	1.1546802e-01	1.8227242e+00	1.0327572e+00	7.8996706e-01
5.7500000e+02	1.1918838e-01	1.1362869e-01	1.8177556e+00	1.0280662e+00	7.8968942e-01
6.0000000e+02	1.1691208e-01	1.1184806e-01	1.8119615e+00	1.0228928e+00	7.8906870e-01
6.2500000e+02	1.1417031e-01	1.0944249e-01	1.8045932e+00	1.0164669e+00	7.8812629e-01
6.5000000e+02	1.1121478e-01	1.0655116e-01	1.7966938e+00	1.0095617e+00	7.8713214e-01
6.7500000e+02	1.0795829e-01	1.0312471e-01	1.7866936e+00	1.0013051e+00	7.8538847e-01
7.0000000e+02	1.0509884e-01	9.9859059e-02	1.7761179e+00	9.9315780e-01	7.8296012e-01
7.2500000e+02	1.0190410e-01	9.6369408e-02	1.7624367e+00	9.8312247e-01	7.7931428e-01
7.5000000e+02	9.8086283e-02	9.2633307e-02	1.7453355e+00	9.7075403e-01	7.7458143e-01
7.7500000e+02	9.4656147e-02	8.9495011e-02	1.7253548e+00	9.5733356e-01	7.6802123e-01
8.0000000e+02	9.3546651e-02	8.8602223e-02	1.7084816e+00	9.4778740e-01	7.6069415e-01
8.2500000e+02	9.1699593e-02	8.7568708e-02	1.6885405e+00	9.3596983e-01	7.5257063e-01
8.5000000e+02	8.9911595e-02	8.6941980e-02	1.6677666e+00	9.2379487e-01	7.4397171e-01
8.7500000e+02	8.7776013e-02	8.6250514e-02	1.6446143e+00	9.1008317e-01	7.3453116e-01
9.0000000e+02	8.5496128e-02	8.5643768e-02	1.6204047e+00	8.9569849e-01	7.2470623e-01
9.2500000e+02	8.2470745e-02	8.4634125e-02	1.5933275e+00	8.7913454e-01	7.1419299e-01
9.5000000e+02	7.8659043e-02	8.3172232e-02	1.5641236e+00	8.6072087e-01	7.0340276e-01
9.7500000e+02	7.4180186e-02	8.1239395e-02	1.5324255e+00	8.4039295e-01	6.9203258e-01
1.0000000e+03	7.0107184e-02	7.9669178e-02	1.5014343e+00	8.2082433e-01	6.8061000e-01
1.0250000e+03	6.5969057e-02	7.8152418e-02	1.4698694e+00	8.0090374e-01	6.6896564e-01
1.0500000e+03	6.0724907e-02	7.6009199e-02	1.4364798e+00	7.7896482e-01	6.5751499e-01
1.0750000e+03	5.3203788e-02	7.2286524e-02	1.3983743e+00	7.5239092e-01	6.4598340e-01
1.1000000e+03	4.5276236e-02	6.8247095e-02	1.3603668e+00	7.2545964e-01	6.3490719e-01
1.1250000e+03	4.0434755e-02	6.6340134e-02	1.3295282e+00	7.0519888e-01	6.2432933e-01
1.1500000e+03	4.0899672e-02	6.8475164e-02	1.3117872e+00	6.9679332e-01	6.1499393e-01
1.1750000e+03	4.2546656e-02	7.1972989e-02	1.2981526e+00	6.9162291e-01	6.0652965e-01
1.2000000e+03	3.9011817e-02	7.2212398e-02	1.2750832e+00	6.7655343e-01	5.9852976e-01
1.2250000e+03	2.7249631e-02	6.6272579e-02	1.2337171e+00	6.4410818e-01	5.8960891e-01
1.2500000e+03	1.3338327e-02	5.7939928e-02	1.1849823e+00	6.0582948e-01	5.7915282e-01
1.2750000e+03	1.6221112e-02	6.0329311e-02	1.1716578e+00	6.0205001e-01	5.6960779e-01
1.3000000e+03	3.8713418e-02	7.8357980e-02	1.2078813e+00	6.4265406e-01	5.6522727e-01
1.3250000e+03	5.6868140e-02	9.2590719e-02	1.2385100e+00	6.7612314e-01	5.6238687e-01
1.3500000e+03	6.5534592e-02	1.0121410e-01	1.2547016e+00	6.9288540e-01	5.6181622e-01
1.3750000e+03	5.4942038e-02	9.6625343e-02	1.2300729e+00	6.6997844e-01	5.6009442e-01
1.4000000e+03	3.1634364e-02	8.2319498e-02	1.1735026e+00	6.1838567e-01	5.5511689e-01
1.4250000e+03	2.2091113e-02	7.6197825e-02	1.1429718e+00	5.9357697e-01	5.4939479e-01
1.4500000e+03	4.5813557e-02	9.4852060e-02	1.1952258e+00	6.4342648e-01	5.5179936e-01
1.4750000e+03	7.4571021e-02	1.1801886e-01	1.2689108e+00	7.0902640e-01	5.5988437e-01
1.5000000e+03	9.4216704e-02	1.3353354e-01	1.3319011e+00	7.6016724e-01	5.7173383e-01
1.5250000e+03	8.6842068e-02	1.2677930e-01	1.3293403e+00	7.5151223e-01	5.7782811e-01
1.5500000e+03	6.1759438e-02	1.0609902e-01	1.2753689e+00	6.9944388e-01	5.7592505e-01
1.5750000e+03	4.4363912e-02	9.1567412e-02	1.2336574e+00	6.6119260e-01	5.7246476e-01
1.6000000e+03	4.6428297e-02	9.1414519e-02	1.2374765e+00	6.6516656e-01	5.7230991e-01
1.6250000e+03	6.4072825e-02	1.0438343e-01	1.2883832e+00	7.0826447e-01	5.8011878e-01
1.6500000e+03	7.6738030e-02	1.1500070e-01	1.3403349e+00	7.4690545e-01	5.9342945e-01
1.6750000e+03	7.2374165e-02	1.1240924e-01	1.3522078e+00	7.4847806e-01	6.0372972e-01
1.7000000e+03	5.4000489e-02	9.6933290e-02	1.3142618e+00	7.1113139e-01	6.0313040e-01
1.7250000e+03	4.6393447e-02	8.8921905e-02	1.2867219e+00	6.8975443e-01	5.9696752e-01
1.7500000e+03	5.2097496e-02	9.1685742e-02	1.2880229e+00	6.9610894e-01	5.9191394e-01
1.7750000e+03	6.4009860e-02	1.0186967e-01	1.3193434e+00	7.2368157e-01	5.9566188e-01
1.8000000e+03	6.5654896e-02	1.0487467e-01	1.3400240e+00	7.3566687e-01	6.0435712e-01
1.8250000e+03	5.6412779e-02	9.7714774e-02	1.3345793e+00	7.2370243e-01	6.1087692e-01
1.8500000e+03	5.2368242e-02	9.3539886e-02	1.3347644e+00	7.1975040e-01	6.1501396e-01
1.8750000e+03	5.7801563e-02	9.6918270e-02	1.3486567e+00	7.3212987e-01	6.1652678e-01
1.9000000e+03	6.6338331e-02	1.0376822e-01	1.3673257e+00	7.5000119e-01	6.1732447e-01
1.9250000e+03	6.3946821e-02	1.0197186e-01	1.3587015e+00	7.4329758e-01	6.1540389e-01
1.9500000e+03	5.6104407e-02	9.5474973e-02	1.3427364e+00	7.2747260e-01	6.1526376e-01
1.9750000e+03	5.0578348e-02	9.0148300e-02	1.3363577e+00	7.1875721e-01	6.1760050e-01
2.0000000e+03	5.4619726e-02	9.2535414e-02	1.3571885e+00	7.3321396e-01	6.2397450e-01
