# Force coefficients
# liftDir     : (0.0000000e+00 1.0000000e+00 0.0000000e+00)
# dragDir     : (1.0000000e+00 0.0000000e+00 0.0000000e+00)
# pitchAxis   : (0.0000000e+00 0.0000000e+00 1.0000000e+00)
# magUInf     : 3.6089199e+01
# lRef        : 9.0219998e-01
# Aref        : 4.5109998e-02
# CofR        : (2.2555199e-01 0.0000000e+00 0.0000000e+00)
# Time        	Cm            	Cd            	Cl            	Cl(f)         	Cl(r)         	Cm	Cd	Cl	Cl(f)	Cl(r)
1.0250000e+03	1.1341567e-01	1.8401223e-01	1.6490134e+00	9.3792236e-01	7.1109104e-01
1.0500000e+03	1.2310483e-01	1.9556099e-01	1.6698623e+00	9.5803595e-01	7.1182632e-01
1.0750000e+03	1.3235782e-01	2.0930532e-01	1.6848403e+00	9.7477800e-01	7.1006233e-01
1.1000000e+03	1.3316481e-01	2.1721528e-01	1.6814808e+00	9.7390521e-01	7.0757556e-01
1.1250000e+03	1.2532894e-01	2.1662728e-01	1.6517812e+00	9.5121956e-01	7.0056164e-01
1.1500000e+03	1.1638656e-01	2.1433729e-01	1.6129205e+00	9.2284679e-01	6.9007373e-01
1.1750000e+03	1.2034786e-01	2.2445853e-01	1.6062173e+00	9.2345649e-01	6.8276078e-01
1.2000000e+03	1.3588077e-01	2.4461210e-01	1.6325514e+00	9.5215648e-01	6.8039495e-01
1.2250000e+03	1.5684105e-01	2.6860970e-01	1.6812763e+00	9.9747920e-01	6.8379712e-01
1.2500000e+03	1.8073167e-01	2.9277864e-01	1.7327256e+00	1.0470945e+00	6.8563116e-01
1.2750000e+03	1.9547226e-01	3.0813667e-01	1.7559415e+00	1.0734431e+00	6.8249851e-01
1.3000000e+03	1.9414106e-01	3.0719742e-01	1.7408360e+00	1.0645591e+00	6.7627692e-01
1.3250000e+03	1.6634417e-01	2.8797078e-01	1.6574234e+00	9.9505585e-01	6.6236752e-01
1.3500000e+03	1.1835974e-01	2.4694619e-01	1.5165657e+00	8.7664258e-01	6.3992310e-01
1.3750000e+03	1.3160498e-01	2.5910392e-01	1.5036911e+00	8.8345051e-01	6.2024057e-01
1.4000000e+03	1.8584856e-01	3.1421551e-01	1.5928764e+00	9.8228681e-01	6.1058962e-01
1.4250000e+03	2.4839446e-01	3.8452461e-01	1.7283679e+00	1.1125784e+00	6.1578953e-01
1.4500000e+03	3.0164197e-01	4.3764487e-01	1.8391023e+00	1.2211931e+00	6.1790919e-01
1.4750000e+03	3.2665789e-01	4.6572429e-01	1.9100859e+00	1.2817008e+00	6.2838507e-01
1.5000000e+03	3.3138639e-01	4.8129576e-01	1.9469184e+00	1.3048456e+00	6.4207280e-01
1.5250000e+03	3.2575282e-01	4.8260331e-01	1.9476651e+00	1.2995853e+00	6.4807975e-01
1.5500000e+03	3.0665100e-01	4.5923826e-01	1.9048775e+00	1.2590897e+00	6.4578778e-01
1.5750000e+03	2.7784216e-01	4.2151576e-01	1.8328977e+00	1.1942910e+00	6.3860667e-01
1.6000000e+03	2.3616853e-01	3.7123188e-01	1.7206843e+00	1.0965106e+00	6.2417364e-01
1.6250000e+03	1.9364658e-01	3.2200816e-01	1.5962853e+00	9.9178922e-01	6.0449612e-01
1.6500000e+03	1.6203098e-01	2.9003012e-01	1.5195743e+00	9.2181814e-01	5.9775615e-01
1.6750000e+03	1.6123360e-01	2.8987357e-01	1.5069777e+00	9.1472244e-01	5.9225523e-01
1.7000000e+03	1.6562726e-01	2.9432243e-01	1.4994484e+00	9.1535145e-01	5.8409697e-01
1.7250000e+03	1.6087496e-01	2.8824666e-01	1.4650147e+00	8.9338231e-01	5.7163239e-01
1.7500000e+03	1.3464406e-01	2.6251423e-01	1.3907143e+00	8.3000124e-01	5.6071305e-01
1.7750000e+03	1.0145687e-01	2.3740833e-01	1.3264207e+00	7.6466721e-01	5.6175345e-01
1.8000000e+03	6.3169219e-02	2.1303658e-01	1.2724760e+00	6.9940722e-01	5.7306874e-01
1.8250000e+03	2.1860871e-02	1.9014674e-01	1.2273483e+00	6.3553506e-01	5.9181327e-01
1.8500000e+03	-1.2478664e-02	1.7910504e-01	1.2098813e+00	5.9246200e-01	6.1741930e-01
1.8750000e+03	-2.2282707e-02	1.9141132e-01	1.2360708e+00	5.9575266e-01	6.4031810e-01
1.9000000e+03	-5.3524035e-03	2.2401913e-01	1.3010128e+00	6.4515400e-01	6.5585876e-01
1.9250000e+03	2.8974254e-02	2.6725060e-01	1.3901712e+00	7.2405982e-01	6.6611135e-01
1.9500000e+03	6.8324447e-02	3.1006685e-01	1.4838336e+00	8.1024122e-01	6.7359233e-01
1.9750000e+03	9.6715495e-02	3.4076250e-01	1.5486740e+00	8.7105250e-01	6.7762148e-01
2.0000000e+03	1.0894459e-01	3.5033545e-01	1.5635053e+00	8.9069724e-01	6.7280805e-01
2.0250000e+03	1.2055995e-01	3.4883359e-01	1.5551410e+00	8.9813042e-01	6.5701056e-01
2.0500000e+03	1.4829808e-01	3.6139640e-01	1.5758592e+00	9.3622768e-01	6.3963151e-01
2.0750000e+03	1.8343031e-01	3.9342809e-01	1.6370519e+00	1.0019562e+00	6.3509566e-01
2.1000000e+03	2.0894200e-01	4.2610341e-01	1.7147460e+00	1.0663149e+00	6.4843100e-01
2.1250000e+03	2.2298783e-01	4.5155221e-01	1.7925978e+00	1.1192868e+00	6.7331105e-01
2.1500000e+03	2.2015554e-01	4.4468105e-01	1.7911205e+00	1.1157157e+00	6.7540473e-01
2.1750000e+03	2.2619799e-01	4.5310482e-01	1.8041002e+00	1.1282481e+00	6.7585206e-01
2.2000000e+03	2.3323618e-01	4.6764928e-01	1.8520218e+00	1.1592470e+00	6.9277471e-01
2.2250000e+03	2.2826882e-01	4.5907331e-01	1.8434198e+00	1.1499788e+00	6.9344109e-01
2.2500000e+03	2.2206026e-01	4.4215316e-01	1.7989974e+00	1.1215589e+00	6.7743844e-01
2.2750000e+03	2.2181062e-01	4.3343416e-01	1.7682815e+00	1.1059513e+00	6.6233009e-01
2.3000000e+03	2.2692955e-01	4.3225837e-01	1.7498902e+00	1.1018746e+00	6.4801556e-01
2.3250000e+03	2.3728730e-01	4.4128856e-01	1.7540321e+00	1.1143034e+00	6.3972878e-01
2.3500000e+03	2.5257427e-01	4.6028486e-01	1.7816836e+00	1.1434160e+00	6.3826752e-01
2.3750000e+03	2.6939887e-01	4.8024854e-01	1.8115009e+00	1.1751493e+00	6.3635159e-01
2.4000000e+03	2.8966367e-01	5.0340927e-01	1.8545080e+00	1.2169178e+00	6.3759035e-01
2.4250000e+03	3.1302428e-01	5.3290719e-01	1.9141366e+00	1.2700926e+00	6.4404404e-01
2.4500000e+03	3.3262435e-01	5.5917764e-01	1.9643424e+00	1.3147955e+00	6.4954686e-01
2.4750000e+03	3.4660515e-01	5.7510000e-01	1.9950340e+00	1.3441222e+00	6.5091181e-01
2.5000000e+03	3.7203798e-01	6.0305107e-01	2.0573714e+00	1.4007237e+00	6.5664768e-01
