# Force coefficients
# liftDir     : (0.0000000e+00 1.0000000e+00 0.0000000e+00)
# dragDir     : (1.0000000e+00 0.0000000e+00 0.0000000e+00)
# pitchAxis   : (0.0000000e+00 0.0000000e+00 1.0000000e+00)
# magUInf     : 9.0551201e+01
# lRef        : 9.0219998e-01
# Aref        : 9.0221003e-02
# CofR        : (2.2555199e-01 0.0000000e+00 0.0000000e+00)
# Time        	Cm            	Cd            	Cl            	Cl(f)         	Cl(r)         	Cm	Cd	Cl	Cl(f)	Cl(r)
2.0250000e+03	1.1587846e-01	1.5751412e-02	7.0768565e-01	4.6972129e-01	2.3796436e-01
2.0500000e+03	1.1577147e-01	1.5404100e-02	7.0911640e-01	4.7032967e-01	2.3878673e-01
2.0750000e+03	1.1573856e-01	1.5295505e-02	7.0988268e-01	4.7067988e-01	2.3920278e-01
2.1000000e+03	1.1568338e-01	1.5281784e-02	7.1047568e-01	4.7092122e-01	2.3955446e-01
2.1250000e+03	1.1559997e-01	1.5224716e-02	7.1073109e-01	4.7096550e-01	2.3976557e-01
2.1500000e+03	1.1554025e-01	1.5137475e-02	7.1081990e-01	4.7095019e-01	2.3986970e-01
2.1750000e+03	1.1545418e-01	1.5161489e-02	7.1089643e-01	4.7090238e-01	2.3999403e-01
2.2000000e+03	1.1535830e-01	1.5181962e-02	7.1102226e-01	4.7086942e-01	2.4015284e-01
2.2250000e+03	1.1522715e-01	1.5139695e-02	7.1120799e-01	4.7083116e-01	2.4037685e-01
2.2500000e+03	1.1507706e-01	1.5007770e-02	7.1145618e-01	4.7080514e-01	2.4065104e-01
2.2750000e+03	1.1492236e-01	1.4870496e-02	7.1169347e-01	4.7076911e-01	2.4092437e-01
2.3000000e+03	1.1477243e-01	1.4763318e-02	7.1189165e-01	4.7071826e-01	2.4117339e-01
2.3250000e+03	1.1460923e-01	1.4659495e-02	7.1171737e-01	4.7046793e-01	2.4124946e-01
2.3500000e+03	1.1446606e-01	1.4602160e-02	7.1140963e-01	4.7017089e-01	2.4123874e-01
2.3750000e+03	1.1427621e-01	1.4571725e-02	7.1105033e-01	4.6980137e-01	2.4124897e-01
2.4000000e+03	1.1412998e-01	1.4562011e-02	7.1063119e-01	4.6944559e-01	2.4118561e-01
2.4250000e+03	1.1397365e-01	1.4530056e-02	7.1012610e-01	4.6903670e-01	2.4108940e-01
2.4500000e+03	1.1380874e-01	1.4414732e-02	7.0975995e-01	4.6868873e-01	2.4107124e-01
2.4750000e+03	1.1364750e-01	1.4325709e-02	7.0931780e-01	4.6830639e-01	2.4101141e-01
2.5000000e+03	1.1352333e-01	1.4323724e-02	7.0880997e-01	4.6792832e-01	2.4088165e-01
2.5250000e+03	1.1341508e-01	1.4360658e-02	7.0850784e-01	4.6766901e-01	2.4083884e-01
2.5500000e+03	1.1338711e-01	1.4355171e-02	7.0838875e-01	4.6758148e-01	2.4080727e-01
2.5750000e+03	1.1342297e-01	1.4343804e-02	7.0824027e-01	4.6754310e-01	2.4069718e-01
2.6000000e+03	1.1352829e-01	1.4381292e-02	7.0844817e-01	4.6775237e-01	2.4069580e-01
2.6250000e+03	1.1363424e-01	1.4436859e-02	7.0863068e-01	4.6794957e-01	2.4068111e-01
2.6500000e+03	1.1368101e-01	1.4439070e-02	7.0868552e-01	4.6802378e-01	2.4066174e-01
2.6750000e+03	1.1360119e-01	1.4435800e-02	7.0843166e-01	4.6781701e-01	2.4061465e-01
2.7000000e+03	1.1344638e-01	1.4366062e-02	7.0822728e-01	4.6756002e-01	2.4066725e-01
2.7250000e+03	1.1333743e-01	1.4315020e-02	7.0788711e-01	4.6728098e-01	2.4060613e-01
2.7500000e+03	1.1331880e-01	1.4339288e-02	7.0783383e-01	4.6723571e-01	2.4059811e-01
2.7750000e+03	1.1338808e-01	1.4420656e-02	7.0799446e-01	4.6738529e-01	2.4060915e-01
2.8000000e+03	1.1349218e-01	1.4452954e-02	7.0824820e-01	4.6761629e-01	2.4063191e-01
2.8250000e+03	1.1350247e-01	1.4394782e-02	7.0826477e-01	4.6763486e-01	2.4062991e-01
2.8500000e+03	1.1344081e-01	1.4291170e-02	7.0827425e-01	4.6757793e-01	2.4069631e-01
2.8750000e+03	1.1330452e-01	1.4287625e-02	7.0806128e-01	4.6733516e-01	2.4072611e-01
2.9000000e+03	1.1317955e-01	1.4305184e-02	7.0791179e-01	4.6713543e-01	2.4077635e-01
2.9250000e+03	1.1314215e-01	1.4316016e-02	7.0783186e-01	4.6705806e-01	2.4077378e-01
2.9500000e+03	1.1319928e-01	1.4290540e-02	7.0798546e-01	4.6719199e-01	2.4079345e-01
2.9750000e+03	1.1326730e-01	1.4268120e-02	7.0816004e-01	4.6734732e-01	2.4081272e-01
3.0000000e+03	1.1332132e-01	1.4287166e-02	7.0844758e-01	4.6754509e-01	2.4090247e-01
3.0250000e+03	1.1329971e-01	1.4295702e-02	7.0832855e-01	4.6746397e-01	2.4086456e-01
3.0500000e+03	1.1320538e-01	1.4242884e-02	7.0820189e-01	4.6730632e-01	2.4089557e-01
3.0750000e+03	1.1308411e-01	1.4233535e-02	7.0796186e-01	4.6706504e-01	2.4089682e-01
3.1000000e+03	1.1304091e-01	1.4226122e-02	7.0798957e-01	4.6703571e-01	2.4095388e-01
3.1250000e+03	1.1309688e-01	1.4230526e-02	7.0812249e-01	4.6715814e-01	2.4096437e-01
3.1500000e+03	1.1318512e-01	1.4225822e-02	7.0830238e-01	4.6733630e-01	2.4096608e-01
3.1750000e+03	1.1318052e-01	1.4265992e-02	7.0833093e-01	4.6734598e-01	2.4098495e-01
3.2000000e+03	1.1314777e-01	1.4295463e-02	7.0838630e-01	4.6734092e-01	2.4104539e-01
3.2250000e+03	1.1310387e-01	1.4268236e-02	7.0824695e-01	4.6722734e-01	2.4101961e-01
3.2500000e+03	1.1314274e-01	1.4232054e-02	7.0845306e-01	4.6736926e-01	2.4108379e-01
3.2750000e+03	1.1329380e-01	1.4230131e-02	7.0868433e-01	4.6763596e-01	2.4104837e-01
3.3000000e+03	1.1352868e-01	1.4327034e-02	7.0923471e-01	4.6814603e-01	2.4108867e-01
3.3250000e+03	1.1374534e-01	1.4430447e-02	7.0974559e-01	4.6861812e-01	2.4112746e-01
3.3500000e+03	1.1390458e-01	1.4476001e-02	7.1029621e-01	4.6905267e-01	2.4124353e-01
3.3750000e+03	1.1393446e-01	1.4460812e-02	7.1038878e-01	4.6912885e-01	2.4125993e-01
3.4000000e+03	1.1390575e-01	1.4395633e-02	7.1060830e-01	4.6920991e-01	2.4139839e-01
3.4250000e+03	1.1389790e-01	1.4351683e-02	7.1071053e-01	4.6925315e-01	2.4145737e-01
3.4500000e+03	1.1397932e-01	1.4394592e-02	7.1089560e-01	4.6942711e-01	2.4146847e-01
3.4750000e+03	1.1409740e-01	1.4455860e-02	7.1122670e-01	4.6971077e-01	2.4151595e-01
3.5000000e+03	1.1426127e-01	1.4498378e-02	7.1167713e-01	4.7009984e-01	2.4157730e-01
3.5250000e+03	1.1436827e-01	1.4487716e-02	7.1197325e-01	4.7035488e-01	2.4161837e-01
3.5500000e+03	1.1440112e-01	1.4462844e-02	7.1231025e-01	4.7055626e-01	2.4175401e-01
3.5750000e+03	1.1437458e-01	1.4461810e-02	7.1226019e-01	4.7050467e-01	2.4175552e-01
3.6000000e+03	1.1437007e-01	1.4460333e-02	7.1241528e-01	4.7057772e-01	2.4183756e-01
3.6250000e+03	1.1443695e-01	1.4451466e-02	7.1270257e-01	4.7078824e-01	2.4191433e-01
3.6500000e+03	1.1455560e-01	1.4490403e-02	7.1306092e-01	4.7108606e-01	2.4197486e-01
3.6750000e+03	1.1458700e-01	1.4500892e-02	7.1328115e-01	4.7122759e-01	2.4205357e-01
3.7000000e+03	1.1455997e-01	1.4431824e-02	7.1330798e-01	4.7121397e-01	2.4209401e-01
3.7250000e+03	1.1452741e-01	1.4413268e-02	7.1340007e-01	4.7122744e-01	2.4217263e-01
3.7500000e+03	1.1454830e-01	1.4408399e-02	7.1359187e-01	4.7134423e-01	2.4224764e-01
3.7750000e+03	1.1456860e-01	1.4442394e-02	7.1371460e-01	4.7142589e-01	2.4228871e-01
3.8000000e+03	1.1458501e-01	1.4431091e-02	7.1387661e-01	4.7152331e-01	2.4235329e-01
3.8250000e+03	1.1456358e-01	1.4386796e-02	7.1405584e-01	4.7159150e-01	2.4246433e-01
3.8500000e+03	1.1463780e-01	1.4400970e-02	7.1423626e-01	4.7175592e-01	2.4248034e-01
3.8750000e+03	1.1469541e-01	1.4432314e-02	7.1455103e-01	4.7197092e-01	2.4258012e-01
3.9000000e+03	1.1480469e-01	1.4420733e-02	7.1481842e-01	4.7221389e-01	2.4260452e-01
3.9250000e+03	1.1484945e-01	1.4386712e-02	7.1505547e-01	4.7237718e-01	2.4267828e-01
3.9500000e+03	1.1486459e-01	1.4381814e-02	7.1514708e-01	4.7243813e-01	2.4270895e-01
3.9750000e+03	1.1484010e-01	1.4432346e-02	7.1526027e-01	4.7247022e-01	2.4279004e-01
4.0000000e+03	1.1483498e-01	1.4424042e-02	7.1537054e-01	4.7252023e-01	2.4285029e-01
4.0250000e+03	1.1484054e-01	1.4382656e-02	7.1545911e-01	4.7257009e-01	2.4288902e-01
4.0500000e+03	1.1486038e-01	1.4353426e-02	7.1566123e-01	4.7269100e-01	2.4297023e-01
4.0750000e+03	1.1483588e-01	1.4340089e-02	7.1560645e-01	4.7263911e-01	2.4296734e-01
4.1000000e+03	1.1478925e-01	1.4316644e-02	7.1572524e-01	4.7265187e-01	2.4307337e-01
4.1250000e+03	1.1478676e-01	1.4339653e-02	7.1570057e-01	4.7263706e-01	2.4306352e-01
4.1500000e+03	1.1481290e-01	1.4354656e-02	7.1587014e-01	4.7274798e-01	2.4312218e-01
4.1750000e+03	1.1479294e-01	1.4328131e-02	7.1590561e-01	4.7274575e-01	2.4315986e-01
4.2000000e+03	1.1475246e-01	1.4290456e-02	7.1598291e-01	4.7274393e-01	2.4323900e-01
4.2250000e+03	1.1472787e-01	1.4259808e-02	7.1601707e-01	4.7273642e-01	2.4328066e-01
4.2500000e+03	1.1481371e-01	1.4265806e-02	7.1605146e-01	4.7283944e-01	2.4321201e-01
4.2750000e+03	1.1488507e-01	1.4321707e-02	7.1633834e-01	4.7305423e-01	2.4328411e-01
4.3000000e+03	1.1494991e-01	1.4361697e-02	7.1658939e-01	4.7324461e-01	2.4334478e-01
4.3250000e+03	1.1494915e-01	1.4344025e-02	7.1658498e-01	4.7324163e-01	2.4334334e-01
4.3500000e+03	1.1493539e-01	1.4290143e-02	7.1673435e-01	4.7330257e-01	2.4343178e-01
4.3750000e+03	1.1493690e-01	1.4273802e-02	7.1675557e-01	4.7331470e-01	2.4344088e-01
4.4000000e+03	1.1495212e-01	1.4291533e-02	7.1682227e-01	4.7336325e-01	2.4345902e-01
4.4250000e+03	1.1497061e-01	1.4323428e-02	7.1683693e-01	4.7338909e-01	2.4344786e-01
4.4500000e+03	1.1498028e-01	1.4299205e-02	7.1700287e-01	4.7348171e-01	2.4352115e-01
4.4750000e+03	1.1493420e-01	1.4286109e-02	7.1678084e-01	4.7332463e-01	2.4345621e-01
4.5000000e+03	1.1488008e-01	1.4262355e-02	7.1684378e-01	4.7330198e-01	2.4354181e-01
