# Force coefficients
# liftDir     : (0.0000000e+00 1.0000000e+00 0.0000000e+00)
# dragDir     : (1.0000000e+00 0.0000000e+00 0.0000000e+00)
# pitchAxis   : (0.0000000e+00 0.0000000e+00 1.0000000e+00)
# magUInf     : 3.6089199e+01
# lRef        : 9.0219998e-01
# Aref        : 9.0221003e-02
# CofR        : (2.2555199e-01 0.0000000e+00 0.0000000e+00)
# Time        	Cm            	Cd            	Cl            	Cl(f)         	Cl(r)         	Cm	Cd	Cl	Cl(f)	Cl(r)
2.0250000e+03	7.8782558e-02	1.4782855e-01	1.1389953e+00	6.4828020e-01	4.9071509e-01
2.0500000e+03	8.3805427e-02	1.5422459e-01	1.1493311e+00	6.5847099e-01	4.9086010e-01
2.0750000e+03	8.7688714e-02	1.6080530e-01	1.1517982e+00	6.6358781e-01	4.8821041e-01
2.1000000e+03	9.4336413e-02	1.6958191e-01	1.1591226e+00	6.7389768e-01	4.8522487e-01
2.1250000e+03	1.0575725e-01	1.8297949e-01	1.1792109e+00	6.9536269e-01	4.8384821e-01
2.1500000e+03	1.1588387e-01	1.9490053e-01	1.2017877e+00	7.1677774e-01	4.8500997e-01
2.1750000e+03	1.2646469e-01	2.0521870e-01	1.2286144e+00	7.4077189e-01	4.8784253e-01
2.2000000e+03	1.3794531e-01	2.1501325e-01	1.2632586e+00	7.6957458e-01	4.9368399e-01
2.2250000e+03	1.4620019e-01	2.1969834e-01	1.2880814e+00	7.9024088e-01	4.9784052e-01
2.2500000e+03	1.5173601e-01	2.2086172e-01	1.3051636e+00	8.0431783e-01	5.0084579e-01
2.2750000e+03	1.4775446e-01	2.1113621e-01	1.2899261e+00	7.9271746e-01	4.9720857e-01
2.3000000e+03	1.3283594e-01	1.8977380e-01	1.2399818e+00	7.5282681e-01	4.8715496e-01
2.3250000e+03	1.2542738e-01	1.7955482e-01	1.2224631e+00	7.3665893e-01	4.8580420e-01
2.3500000e+03	1.1494900e-01	1.6765243e-01	1.1982491e+00	7.1407354e-01	4.8417556e-01
2.3750000e+03	9.9601343e-02	1.5269151e-01	1.1684995e+00	6.8385106e-01	4.8464841e-01
2.4000000e+03	8.2311794e-02	1.3652876e-01	1.1359485e+00	6.5028608e-01	4.8566246e-01
2.4250000e+03	6.4949572e-02	1.2125387e-01	1.1075234e+00	6.1871129e-01	4.8881215e-01
2.4500000e+03	4.9281210e-02	1.0704449e-01	1.0809624e+00	5.8976245e-01	4.9120000e-01
2.4750000e+03	3.7943088e-02	9.5584035e-02	1.0603917e+00	5.6813890e-01	4.9225274e-01
2.5000000e+03	3.0307757e-02	8.6154826e-02	1.0460292e+00	5.5332237e-01	4.9270684e-01
2.5250000e+03	3.0583762e-02	8.5505679e-02	1.0548127e+00	5.5799007e-01	4.9682257e-01
2.5500000e+03	4.6879362e-02	1.0393105e-01	1.1134520e+00	6.0360533e-01	5.0984663e-01
2.5750000e+03	7.0366696e-02	1.3011993e-01	1.1943971e+00	6.6756523e-01	5.2683187e-01
2.6000000e+03	7.9197265e-02	1.4022031e-01	1.2295059e+00	6.9395024e-01	5.3555566e-01
2.6250000e+03	8.3270386e-02	1.4502010e-01	1.2340710e+00	7.0030588e-01	5.3376514e-01
2.6500000e+03	9.9066719e-02	1.6230190e-01	1.2626170e+00	7.3037523e-01	5.3224176e-01
2.6750000e+03	1.1549967e-01	1.8007165e-01	1.2910315e+00	7.6101542e-01	5.3001606e-01
2.7000000e+03	1.1792403e-01	1.8603851e-01	1.2872744e+00	7.6156121e-01	5.2571315e-01
2.7250000e+03	9.9422559e-02	1.7475244e-01	1.2364701e+00	7.1765763e-01	5.1881248e-01
2.7500000e+03	9.4325885e-02	1.7181858e-01	1.2173376e+00	7.0299470e-01	5.1434290e-01
2.7750000e+03	1.2454238e-01	1.9826089e-01	1.2885990e+00	7.6884186e-01	5.1975715e-01
2.8000000e+03	1.4703795e-01	2.1626575e-01	1.3538029e+00	8.2393944e-01	5.2986348e-01
2.8250000e+03	1.5607427e-01	2.2370347e-01	1.3940594e+00	8.5310400e-01	5.4095542e-01
2.8500000e+03	1.4738412e-01	2.1861024e-01	1.3991789e+00	8.4697354e-01	5.5220532e-01
2.8750000e+03	1.1376777e-01	1.9011308e-01	1.3435732e+00	7.8555441e-01	5.5801880e-01
2.9000000e+03	8.3900042e-02	1.6283946e-01	1.2921544e+00	7.2997725e-01	5.6217718e-01
2.9250000e+03	6.3229658e-02	1.3958016e-01	1.2528663e+00	6.8966281e-01	5.6320345e-01
2.9500000e+03	5.5168860e-02	1.2626804e-01	1.2364782e+00	6.7340797e-01	5.6307024e-01
2.9750000e+03	6.8866715e-02	1.3444403e-01	1.2681952e+00	7.0296431e-01	5.6523085e-01
3.0000000e+03	9.2426829e-02	1.5350740e-01	1.3235661e+00	7.5420988e-01	5.6935620e-01
3.0250000e+03	1.1547476e-01	1.7519417e-01	1.3853062e+00	8.0812788e-01	5.7717836e-01
3.0500000e+03	1.3118914e-01	1.8972464e-01	1.4309294e+00	8.4665382e-01	5.8427560e-01
3.0750000e+03	1.3235582e-01	1.8923540e-01	1.4398960e+00	8.5230380e-01	5.8759218e-01
3.1000000e+03	1.2483338e-01	1.8197243e-01	1.4274664e+00	8.3856654e-01	5.8889985e-01
3.1250000e+03	1.0945316e-01	1.6796696e-01	1.3936756e+00	8.0629092e-01	5.8738464e-01
3.1500000e+03	9.7998798e-02	1.5601668e-01	1.3618245e+00	7.7891105e-01	5.8291346e-01
3.1750000e+03	1.0221188e-01	1.5711683e-01	1.3664864e+00	7.8545511e-01	5.8103132e-01
3.2000000e+03	1.0971238e-01	1.6133414e-01	1.3817148e+00	8.0056977e-01	5.8114505e-01
3.2250000e+03	1.1261281e-01	1.6347423e-01	1.3936805e+00	8.0945301e-01	5.8422744e-01
3.2500000e+03	1.1311008e-01	1.6625077e-01	1.4132839e+00	8.1975204e-01	5.9353191e-01
3.2750000e+03	1.0411528e-01	1.6258849e-01	1.4103248e+00	8.0927771e-01	6.0104710e-01
3.3000000e+03	8.8624872e-02	1.5119794e-01	1.3912752e+00	7.8426248e-01	6.0701269e-01
3.3250000e+03	7.4987963e-02	1.3531226e-01	1.3668680e+00	7.5842196e-01	6.0844606e-01
3.3500000e+03	7.5795256e-02	1.3152643e-01	1.3701113e+00	7.6085091e-01	6.0926044e-01
3.3750000e+03	8.3507210e-02	1.3449962e-01	1.3881743e+00	7.7759433e-01	6.1057997e-01
3.4000000e+03	9.8949730e-02	1.4704451e-01	1.4359115e+00	8.1690550e-01	6.1900604e-01
3.4250000e+03	1.1105743e-01	1.5757091e-01	1.4765735e+00	8.4934413e-01	6.2722933e-01
3.4500000e+03	1.1683992e-01	1.6453044e-01	1.5039369e+00	8.6880839e-01	6.3512850e-01
3.4750000e+03	1.0456459e-01	1.5288496e-01	1.4828774e+00	8.4600329e-01	6.3687408e-01
3.5000000e+03	8.5251592e-02	1.3396735e-01	1.4397182e+00	8.0511069e-01	6.3460755e-01
3.5250000e+03	7.1153581e-02	1.2112237e-01	1.4085003e+00	7.7540374e-01	6.3309658e-01
3.5500000e+03	6.5061949e-02	1.1478329e-01	1.3961190e+00	7.6312143e-01	6.3299757e-01
3.5750000e+03	6.6968456e-02	1.1462247e-01	1.4033846e+00	7.6866072e-01	6.3472384e-01
3.6000000e+03	7.6409824e-02	1.2125646e-01	1.4325700e+00	7.9269481e-01	6.3987517e-01
3.6250000e+03	8.8361725e-02	1.3081007e-01	1.4710681e+00	8.2389581e-01	6.4717233e-01
3.6500000e+03	1.0069919e-01	1.4337762e-01	1.5123256e+00	8.5686201e-01	6.5546364e-01
3.6750000e+03	1.0340907e-01	1.4823689e-01	1.5313607e+00	8.6908942e-01	6.6227132e-01
3.7000000e+03	9.3684867e-02	1.3971171e-01	1.5156122e+00	8.5149097e-01	6.6412127e-01
3.7250000e+03	8.1718802e-02	1.2641001e-01	1.4840991e+00	8.2376838e-01	6.6033077e-01
3.7500000e+03	8.0845498e-02	1.2327983e-01	1.4734092e+00	8.1755006e-01	6.5585911e-01
3.7750000e+03	8.9575097e-02	1.3036560e-01	1.4917915e+00	8.3547086e-01	6.5632063e-01
3.8000000e+03	9.7157121e-02	1.3759935e-01	1.5098349e+00	8.5207456e-01	6.5776032e-01
3.8250000e+03	1.0002512e-01	1.4286177e-01	1.5204635e+00	8.6025685e-01	6.6020662e-01
3.8500000e+03	9.3711764e-02	1.4041679e-01	1.5106437e+00	8.4903359e-01	6.6161013e-01
3.8750000e+03	7.7576593e-02	1.2612027e-01	1.4711500e+00	8.1315160e-01	6.5799844e-01
3.9000000e+03	6.9837905e-02	1.1684593e-01	1.4444565e+00	7.9206616e-01	6.5239030e-01
3.9250000e+03	7.7774964e-02	1.2231178e-01	1.4587303e+00	8.0714011e-01	6.5159023e-01
3.9500000e+03	9.0485923e-02	1.3283135e-01	1.4910003e+00	8.3598608e-01	6.5501422e-01
3.9750000e+03	9.8010346e-02	1.3920884e-01	1.5170147e+00	8.5651773e-01	6.6049701e-01
4.0000000e+03	1.0031892e-01	1.4238110e-01	1.5344820e+00	8.6755991e-01	6.6692209e-01
4.0250000e+03	9.2466369e-02	1.3624883e-01	1.5282365e+00	8.5658461e-01	6.7165190e-01
4.0500000e+03	7.5901799e-02	1.1942355e-01	1.4951935e+00	8.2349855e-01	6.7169493e-01
4.0750000e+03	7.4168131e-02	1.1642063e-01	1.4950008e+00	8.2166857e-01	6.7333227e-01
4.1000000e+03	8.2369968e-02	1.2221227e-01	1.5166693e+00	8.4070462e-01	6.7596465e-01
4.1250000e+03	8.9297421e-02	1.2599124e-01	1.5289065e+00	8.5375065e-01	6.7515582e-01
4.1500000e+03	9.5069855e-02	1.3034643e-01	1.5434023e+00	8.6677098e-01	6.7663133e-01
4.1750000e+03	9.9903002e-02	1.3662681e-01	1.5616605e+00	8.8073325e-01	6.8092728e-01
4.2000000e+03	9.3604051e-02	1.3276796e-01	1.5534869e+00	8.7034750e-01	6.8313944e-01
4.2250000e+03	7.6820299e-02	1.1671118e-01	1.5145973e+00	8.3411896e-01	6.8047833e-01
4.2500000e+03	7.3935173e-02	1.1362956e-01	1.5060678e+00	8.2696903e-01	6.7909873e-01
4.2750000e+03	8.0997840e-02	1.1879459e-01	1.5186976e+00	8.4034663e-01	6.7835099e-01
4.3000000e+03	9.0380944e-02	1.2613612e-01	1.5375977e+00	8.5917979e-01	6.7841786e-01
4.3250000e+03	9.6996173e-02	1.3221139e-01	1.5571506e+00	8.7557149e-01	6.8157911e-01
4.3500000e+03	9.9453650e-02	1.3629781e-01	1.5722989e+00	8.8560307e-01	6.8669581e-01
4.3750000e+03	9.2430934e-02	1.3184950e-01	1.5666022e+00	8.7573206e-01	6.9087017e-01
4.4000000e+03	7.6614261e-02	1.1600985e-01	1.5337471e+00	8.4348780e-01	6.9025928e-01
4.4250000e+03	7.4676991e-02	1.1220292e-01	1.5291110e+00	8.3923250e-01	6.8987852e-01
4.4500000e+03	8.0418393e-02	1.1480801e-01	1.5368335e+00	8.4883517e-01	6.8799835e-01
4.4750000e+03	8.9671031e-02	1.2227741e-01	1.5558206e+00	8.6758131e-01	6.8823928e-01
4.5000000e+03	9.5547155e-02	1.2836762e-01	1.5716184e+00	8.8135636e-01	6.9026208e-01
