# Force coefficients
# liftDir     : (0.0000000e+00 1.0000000e+00 0.0000000e+00)
# dragDir     : (1.0000000e+00 0.0000000e+00 0.0000000e+00)
# pitchAxis   : (0.0000000e+00 0.0000000e+00 1.0000000e+00)
# magUInf     : 3.6089199e+01
# lRef        : 9.0219998e-01
# Aref        : 4.5109998e-02
# CofR        : (2.2555199e-01 0.0000000e+00 0.0000000e+00)
# Time        	Cm            	Cd            	Cl            	Cl(f)         	Cl(r)         	Cm	Cd	Cl	Cl(f)	Cl(r)
2.5000000e+01	8.1145748e-02	2.8001729e-01	1.1399420e+00	6.5111679e-01	4.8882526e-01
5.0000000e+01	1.5281393e-01	3.6421481e-01	1.4135860e+00	8.5960692e-01	5.5397910e-01
7.5000000e+01	1.2815866e-01	3.4248939e-01	1.4424713e+00	8.4939432e-01	5.9307694e-01
1.0000000e+02	1.2978107e-01	3.4679088e-01	1.5217538e+00	8.9065796e-01	6.3109583e-01
1.2500000e+02	1.3484679e-01	3.5302311e-01	1.6084334e+00	9.3906349e-01	6.6936988e-01
1.5000000e+02	1.4661431e-01	3.6646026e-01	1.7182012e+00	1.0057149e+00	7.1248627e-01
1.7500000e+02	1.5069596e-01	3.6692300e-01	1.8080539e+00	1.0547229e+00	7.5333095e-01
2.0000000e+02	1.5295230e-01	3.6158559e-01	1.8897846e+00	1.0978446e+00	7.9193997e-01
2.2500000e+02	1.5388685e-01	3.5214117e-01	1.9610927e+00	1.1344333e+00	8.2665950e-01
2.5000000e+02	1.5428051e-01	3.4067401e-01	2.0249262e+00	1.1667436e+00	8.5818255e-01
2.7500000e+02	1.5352868e-01	3.2707271e-01	2.0784020e+00	1.1927297e+00	8.8567233e-01
3.0000000e+02	1.5289596e-01	3.1381044e-01	2.1274281e+00	1.2166100e+00	9.1081810e-01
3.2500000e+02	1.5251350e-01	3.0154616e-01	2.1723225e+00	1.2386748e+00	9.3364775e-01
3.5000000e+02	1.5358528e-01	2.9263553e-01	2.2173240e+00	1.2622473e+00	9.5507669e-01
3.7500000e+02	1.5183859e-01	2.8115928e-01	2.2438128e+00	1.2737449e+00	9.7006780e-01
4.0000000e+02	1.4709677e-01	2.6748776e-01	2.2501547e+00	1.2721741e+00	9.7798061e-01
4.2500000e+02	1.4263807e-01	2.5741813e-01	2.2500548e+00	1.2676655e+00	9.8238933e-01
4.5000000e+02	1.3903534e-01	2.5181568e-01	2.2475736e+00	1.2628222e+00	9.8475146e-01
4.7500000e+02	1.3643047e-01	2.5007081e-01	2.2435160e+00	1.2581885e+00	9.8532748e-01
5.0000000e+02	1.3498347e-01	2.5133258e-01	2.2380614e+00	1.2540141e+00	9.8404723e-01
5.2500000e+02	1.3397966e-01	2.5404882e-01	2.2248054e+00	1.2463824e+00	9.7842300e-01
5.5000000e+02	1.3571975e-01	2.6091301e-01	2.2015810e+00	1.2365103e+00	9.6507072e-01
5.7500000e+02	1.4147504e-01	2.8034523e-01	2.1941130e+00	1.2385316e+00	9.5558149e-01
6.0000000e+02	1.4776121e-01	3.0394214e-01	2.1876953e+00	1.2416089e+00	9.4608641e-01
6.2500000e+02	1.5449975e-01	3.2890028e-01	2.1810484e+00	1.2450240e+00	9.3602443e-01
6.5000000e+02	1.6298048e-01	3.5602722e-01	2.1761050e+00	1.2510329e+00	9.2507201e-01
6.7500000e+02	1.7157932e-01	3.8361663e-01	2.1680560e+00	1.2556074e+00	9.1244870e-01
7.0000000e+02	1.8101175e-01	4.1283527e-01	2.1588194e+00	1.2604215e+00	8.9839798e-01
7.2500000e+02	1.9477846e-01	4.4794706e-01	2.1530559e+00	1.2713064e+00	8.8174951e-01
7.5000000e+02	2.1314560e-01	4.8723978e-01	2.1500018e+00	1.2881465e+00	8.6185527e-01
7.7500000e+02	2.3293597e-01	5.2942717e-01	2.1536324e+00	1.3097522e+00	8.4388024e-01
8.0000000e+02	2.3553871e-01	5.5750883e-01	2.1383357e+00	1.3047066e+00	8.3362913e-01
8.2500000e+02	2.2485714e-01	5.6991100e-01	2.0848219e+00	1.2672681e+00	8.1755382e-01
8.5000000e+02	2.0112687e-01	5.6459522e-01	1.9860301e+00	1.1941419e+00	7.9188818e-01
8.7500000e+02	1.9384357e-01	5.6968933e-01	1.9017454e+00	1.1447163e+00	7.5702918e-01
9.0000000e+02	2.4131739e-01	6.2840486e-01	1.9304959e+00	1.2065654e+00	7.2393054e-01
9.2500000e+02	3.1425473e-01	7.1604192e-01	2.0349960e+00	1.3317528e+00	7.0324326e-01
9.5000000e+02	3.7304983e-01	7.8183031e-01	2.1179843e+00	1.4320420e+00	6.8594229e-01
9.7500000e+02	4.2875528e-01	8.3385456e-01	2.1828494e+00	1.5201800e+00	6.6266942e-01
1.0000000e+03	4.7922966e-01	8.7523544e-01	2.2270432e+00	1.5927513e+00	6.3429189e-01
1.0250000e+03	5.0203007e-01	8.8660449e-01	2.2039361e+00	1.6039982e+00	5.9993798e-01
1.0500000e+03	4.9902022e-01	8.6730617e-01	2.1142819e+00	1.5561612e+00	5.5812073e-01
1.0750000e+03	5.1844281e-01	8.6517340e-01	2.0662401e+00	1.5515628e+00	5.1467723e-01
1.1000000e+03	5.6237847e-01	8.9183921e-01	2.0810783e+00	1.6029177e+00	4.7816068e-01
1.1250000e+03	5.8388931e-01	8.9555287e-01	2.0549581e+00	1.6113684e+00	4.4358975e-01
1.1500000e+03	5.9340864e-01	8.8539845e-01	2.0028927e+00	1.5948551e+00	4.0803772e-01
1.1750000e+03	5.8950365e-01	8.5937923e-01	1.9126077e+00	1.5458075e+00	3.6680019e-01
1.2000000e+03	5.8676976e-01	8.4025365e-01	1.8282088e+00	1.5008742e+00	3.2733464e-01
1.2250000e+03	5.7649457e-01	8.1869209e-01	1.7324857e+00	1.4427373e+00	2.8974825e-01
1.2500000e+03	5.5017442e-01	7.8498679e-01	1.6050662e+00	1.3527075e+00	2.5235868e-01
1.2750000e+03	5.0944477e-01	7.3992991e-01	1.4418861e+00	1.2303878e+00	2.1149826e-01
1.3000000e+03	4.8359188e-01	7.1307844e-01	1.2925570e+00	1.1298704e+00	1.6268662e-01
1.3250000e+03	5.0836229e-01	7.3648196e-01	1.2178061e+00	1.1172653e+00	1.0054076e-01
1.3500000e+03	5.4655284e-01	7.6214808e-01	1.1454103e+00	1.1192579e+00	2.6152313e-02
1.3750000e+03	5.7267189e-01	7.6847965e-01	1.0531052e+00	1.0992246e+00	-4.6119273e-02
1.4000000e+03	5.7879794e-01	7.5771362e-01	9.6679646e-01	1.0621961e+00	-9.5399708e-02
1.4250000e+03	5.6439894e-01	7.3112392e-01	8.9079189e-01	1.0097950e+00	-1.1900300e-01
1.4500000e+03	5.3634453e-01	6.9453484e-01	8.2874632e-01	9.5071769e-01	-1.2197137e-01
1.4750000e+03	5.0739473e-01	6.6107893e-01	7.9281485e-01	9.0380216e-01	-1.1098731e-01
1.5000000e+03	4.7165263e-01	6.2055618e-01	7.5302553e-01	8.4816539e-01	-9.5139861e-02
1.5250000e+03	4.2398420e-01	5.6600535e-01	6.9140482e-01	7.6968658e-01	-7.8281790e-02
1.5500000e+03	3.6591578e-01	5.0255847e-01	6.2043828e-01	6.7613494e-01	-5.5696636e-02
1.5750000e+03	2.9253334e-01	4.2526278e-01	5.2424878e-01	5.5465770e-01	-3.0408949e-02
1.6000000e+03	2.1186197e-01	3.4289572e-01	4.1796562e-01	4.2084479e-01	-2.8791577e-03
1.6250000e+03	1.4446071e-01	2.7808410e-01	3.4732729e-01	3.1812435e-01	2.9202938e-02
1.6500000e+03	1.3031361e-01	2.7990878e-01	4.2035809e-01	3.4049267e-01	7.9865441e-02
1.6750000e+03	1.5597272e-01	3.2400551e-01	5.7960784e-01	4.4577664e-01	1.3383120e-01
1.7000000e+03	1.6897637e-01	3.4121713e-01	6.7439401e-01	5.0617337e-01	1.6822064e-01
1.7250000e+03	1.4674370e-01	3.0734733e-01	6.6165465e-01	4.7757101e-01	1.8408363e-01
1.7500000e+03	1.0125399e-01	2.4230497e-01	5.5842161e-01	3.8046479e-01	1.7795682e-01
1.7750000e+03	1.0265604e-01	2.4396631e-01	5.9647894e-01	4.0089551e-01	1.9558343e-01
1.8000000e+03	1.2313604e-01	2.7576381e-01	7.1530330e-01	4.8078769e-01	2.3451561e-01
1.8250000e+03	1.5778206e-01	3.3530855e-01	9.1834843e-01	6.1695629e-01	3.0139214e-01
1.8500000e+03	1.8820865e-01	3.9524001e-01	1.1405083e+00	7.5846279e-01	3.8204551e-01
1.8750000e+03	2.0521738e-01	4.3628237e-01	1.3308667e+00	8.7065071e-01	4.6021599e-01
1.9000000e+03	2.0699015e-01	4.5365772e-01	1.4809381e+00	9.4745922e-01	5.3347886e-01
1.9250000e+03	1.9624566e-01	4.4698370e-01	1.6089047e+00	1.0006980e+00	6.0820669e-01
1.9500000e+03	1.8310584e-01	4.1945365e-01	1.7238044e+00	1.0450081e+00	6.7879635e-01
1.9750000e+03	1.7522973e-01	3.7989029e-01	1.8239204e+00	1.0871899e+00	7.3673046e-01
2.0000000e+03	1.8163183e-01	3.5164627e-01	1.9514151e+00	1.1573393e+00	7.9407573e-01
