# Force coefficients
# liftDir     : (0.0000000e+00 1.0000000e+00 0.0000000e+00)
# dragDir     : (1.0000000e+00 0.0000000e+00 0.0000000e+00)
# pitchAxis   : (0.0000000e+00 0.0000000e+00 1.0000000e+00)
# magUInf     : 3.6089199e+01
# lRef        : 9.0219998e-01
# Aref        : 9.0221003e-02
# CofR        : (2.2555199e-01 0.0000000e+00 0.0000000e+00)
# Time        	Cm            	Cd            	Cl            	Cl(f)         	Cl(r)         	Cm	Cd	Cl	Cl(f)	Cl(r)
2.5000000e+01	1.0050981e-01	2.5653431e-01	1.1015202e+00	6.5126991e-01	4.5025027e-01
5.0000000e+01	1.3428663e-01	3.0301848e-01	1.3049213e+00	7.8674728e-01	5.1817399e-01
7.5000000e+01	1.2046324e-01	2.9138279e-01	1.3481079e+00	7.9451722e-01	5.5359071e-01
1.0000000e+02	1.2358618e-01	2.9602736e-01	1.4253500e+00	8.3626115e-01	5.8908880e-01
1.2500000e+02	1.3115434e-01	3.0420148e-01	1.5145540e+00	8.8843137e-01	6.2612265e-01
1.5000000e+02	1.4116694e-01	3.1420168e-01	1.6160028e+00	9.4916832e-01	6.6683447e-01
1.7500000e+02	1.4428765e-01	3.1306800e-01	1.6994299e+00	9.9400258e-01	7.0542729e-01
2.0000000e+02	1.4709938e-01	3.0890444e-01	1.7794235e+00	1.0368111e+00	7.4261236e-01
2.2500000e+02	1.4798227e-01	3.0052274e-01	1.8480083e+00	1.0719864e+00	7.7602184e-01
2.5000000e+02	1.4838266e-01	2.9048979e-01	1.9100448e+00	1.1034050e+00	8.0663973e-01
2.7500000e+02	1.4763135e-01	2.7853018e-01	1.9625890e+00	1.1289258e+00	8.3366317e-01
3.0000000e+02	1.4714234e-01	2.6699632e-01	2.0120478e+00	1.1531662e+00	8.5888153e-01
3.2500000e+02	1.4712073e-01	2.5657350e-01	2.0590074e+00	1.1766244e+00	8.8238299e-01
3.5000000e+02	1.4756423e-01	2.4774812e-01	2.1026921e+00	1.1989102e+00	9.0378183e-01
3.7500000e+02	1.4479408e-01	2.3572302e-01	2.1265135e+00	1.2080508e+00	9.1846263e-01
4.0000000e+02	1.4076637e-01	2.2371718e-01	2.1369894e+00	1.2092611e+00	9.2772830e-01
4.2500000e+02	1.3710918e-01	2.1455455e-01	2.1416948e+00	1.2079566e+00	9.3373823e-01
4.5000000e+02	1.3422091e-01	2.0892245e-01	2.1448607e+00	1.2066513e+00	9.3820947e-01
4.7500000e+02	1.3188781e-01	2.0593290e-01	2.1467290e+00	1.2052523e+00	9.4147670e-01
5.0000000e+02	1.3050599e-01	2.0545556e-01	2.1482704e+00	1.2046412e+00	9.4362921e-01
5.2500000e+02	1.2896390e-01	2.0616637e-01	2.1442881e+00	1.2011080e+00	9.4318014e-01
5.5000000e+02	1.2687713e-01	2.0782267e-01	2.1304491e+00	1.1921017e+00	9.3834740e-01
5.7500000e+02	1.2451852e-01	2.1047185e-01	2.1029499e+00	1.1759934e+00	9.2695642e-01
6.0000000e+02	1.3174106e-01	2.2452530e-01	2.0871673e+00	1.1753247e+00	9.1184258e-01
6.2500000e+02	1.4507581e-01	2.4759562e-01	2.0919492e+00	1.1910504e+00	9.0089881e-01
6.5000000e+02	1.5543531e-01	2.6973385e-01	2.0970976e+00	1.2039841e+00	8.9311349e-01
6.7500000e+02	1.6321461e-01	2.8914934e-01	2.0943012e+00	1.2103652e+00	8.8393599e-01
7.0000000e+02	1.7415115e-01	3.1134748e-01	2.0912793e+00	1.2197908e+00	8.7148845e-01
7.2500000e+02	1.8631330e-01	3.3552068e-01	2.0840092e+00	1.2283179e+00	8.5569131e-01
7.5000000e+02	1.9012332e-01	3.5582650e-01	2.0664470e+00	1.2233468e+00	8.4310019e-01
7.7500000e+02	1.7748047e-01	3.6476311e-01	2.0239065e+00	1.1894337e+00	8.3447278e-01
8.0000000e+02	1.4659500e-01	3.5891390e-01	1.9438325e+00	1.1185112e+00	8.2532126e-01
8.2500000e+02	1.0863882e-01	3.4517246e-01	1.8366098e+00	1.0269437e+00	8.0966610e-01
8.5000000e+02	9.5532015e-02	3.5330883e-01	1.7714347e+00	9.8124933e-01	7.9018533e-01
8.7500000e+02	1.2625797e-01	4.0372917e-01	1.8041524e+00	1.0283341e+00	7.7581823e-01
9.0000000e+02	1.8502913e-01	4.7892845e-01	1.9098631e+00	1.1399606e+00	7.6990241e-01
9.2500000e+02	2.5930193e-01	5.6087148e-01	2.0472291e+00	1.2829164e+00	7.6431262e-01
9.5000000e+02	3.0265084e-01	6.0746258e-01	2.1011863e+00	1.3532439e+00	7.4794233e-01
9.7500000e+02	3.0060354e-01	6.1058217e-01	2.0507762e+00	1.3259916e+00	7.2478461e-01
1.0000000e+03	3.1389812e-01	6.2202746e-01	2.0290594e+00	1.3284278e+00	7.0063162e-01
1.0250000e+03	3.6350906e-01	6.6278273e-01	2.0833924e+00	1.4052052e+00	6.7818713e-01
1.0500000e+03	4.1248730e-01	7.0591486e-01	2.1477363e+00	1.4863554e+00	6.6138089e-01
1.0750000e+03	4.3023759e-01	7.1670860e-01	2.1405725e+00	1.5005238e+00	6.4004868e-01
1.1000000e+03	4.4678551e-01	7.2153342e-01	2.1188784e+00	1.5062246e+00	6.1265367e-01
1.1250000e+03	4.7674644e-01	7.3795944e-01	2.1179471e+00	1.5357200e+00	5.8222711e-01
1.1500000e+03	5.0008297e-01	7.4888718e-01	2.0976493e+00	1.5489076e+00	5.4874170e-01
1.1750000e+03	5.2173960e-01	7.6013273e-01	2.0726664e+00	1.5580728e+00	5.1459360e-01
1.2000000e+03	5.4833782e-01	7.7782291e-01	2.0617867e+00	1.5792311e+00	4.8255551e-01
1.2250000e+03	5.7002747e-01	7.9145539e-01	2.0387917e+00	1.5894233e+00	4.4936836e-01
1.2500000e+03	5.8719188e-01	8.0270553e-01	2.0072727e+00	1.5908282e+00	4.1644448e-01
1.2750000e+03	5.8790886e-01	7.9946053e-01	1.9380858e+00	1.5569518e+00	3.8113403e-01
1.3000000e+03	5.6311071e-01	7.7163166e-01	1.8010037e+00	1.4636126e+00	3.3739114e-01
1.3250000e+03	5.2606040e-01	7.3476499e-01	1.6320510e+00	1.3420858e+00	2.8996509e-01
1.3500000e+03	4.9425009e-01	7.0373726e-01	1.4675897e+00	1.2280450e+00	2.3954478e-01
1.3750000e+03	4.8360294e-01	6.8884242e-01	1.3275062e+00	1.1473560e+00	1.8015015e-01
1.4000000e+03	4.9286097e-01	6.8529177e-01	1.2077938e+00	1.0967579e+00	1.1103594e-01
1.4250000e+03	5.1279396e-01	6.8594909e-01	1.0954815e+00	1.0605347e+00	3.4946799e-02
1.4500000e+03	5.3328139e-01	6.8486786e-01	9.8734981e-01	1.0269563e+00	-3.9606482e-02
1.4750000e+03	5.4329073e-01	6.7420202e-01	8.7936139e-01	9.8297143e-01	-1.0361004e-01
1.5000000e+03	5.3372657e-01	6.4704490e-01	7.6892370e-01	9.1818845e-01	-1.4926472e-01
1.5250000e+03	5.0695843e-01	6.0696012e-01	6.6605055e-01	8.3998370e-01	-1.7393315e-01
1.5500000e+03	4.6987286e-01	5.6089413e-01	5.8063823e-01	7.6019198e-01	-1.7955375e-01
1.5750000e+03	4.2481562e-01	5.1042664e-01	5.1085258e-01	6.8024194e-01	-1.6938934e-01
1.6000000e+03	3.7828091e-01	4.6191552e-01	4.5998347e-01	6.0827267e-01	-1.4828917e-01
1.6250000e+03	3.3884424e-01	4.2458794e-01	4.3574679e-01	5.5671763e-01	-1.2097085e-01
1.6500000e+03	2.9476944e-01	3.8145375e-01	3.9994389e-01	4.9474138e-01	-9.4797492e-02
1.6750000e+03	2.4175747e-01	3.2815495e-01	3.4421501e-01	4.1386497e-01	-6.9649965e-02
1.7000000e+03	1.8397689e-01	2.7226093e-01	2.8532022e-01	3.2663700e-01	-4.1316777e-02
1.7250000e+03	1.2578446e-01	2.1810558e-01	2.2631860e-01	2.3894376e-01	-1.2625158e-02
1.7500000e+03	1.0604341e-01	2.0663488e-01	2.6640797e-01	2.3924738e-01	2.7160577e-02
1.7750000e+03	1.1395923e-01	2.2293842e-01	3.7147036e-01	2.9969442e-01	7.1775950e-02
1.8000000e+03	1.1419981e-01	2.2567374e-01	4.4527325e-01	3.3683643e-01	1.0843682e-01
1.8250000e+03	1.0100743e-01	2.0702820e-01	4.8562595e-01	3.4382039e-01	1.4180554e-01
1.8500000e+03	1.0117552e-01	2.0543957e-01	5.3369313e-01	3.6802208e-01	1.6567105e-01
1.8750000e+03	1.0974187e-01	2.1733959e-01	6.0107589e-01	4.1027981e-01	1.9079608e-01
1.9000000e+03	1.3468932e-01	2.5437701e-01	7.4160600e-01	5.0549233e-01	2.3611368e-01
1.9250000e+03	1.6737901e-01	3.0789804e-01	9.4127750e-01	6.3801777e-01	3.0325973e-01
1.9500000e+03	1.9355811e-01	3.5850582e-01	1.1549244e+00	7.7102029e-01	3.8390410e-01
1.9750000e+03	2.0505795e-01	3.8961813e-01	1.3398517e+00	8.7498379e-01	4.6486792e-01
2.0000000e+03	2.0340863e-01	3.9866763e-01	1.4836951e+00	9.4525623e-01	5.3843892e-01
