# Force coefficients
# liftDir     : (0.0000000e+00 1.0000000e+00 0.0000000e+00)
# dragDir     : (1.0000000e+00 0.0000000e+00 0.0000000e+00)
# pitchAxis   : (0.0000000e+00 0.0000000e+00 1.0000000e+00)
# magUInf     : 9.0551201e+01
# lRef        : 9.0219998e-01
# Aref        : 1.2630901e-01
# CofR        : (2.2555199e-01 0.0000000e+00 0.0000000e+00)
# Time        	Cm            	Cd            	Cl            	Cl(f)         	Cl(r)         	Cm	Cd	Cl	Cl(f)	Cl(r)
2.0250000e+03	1.1532488e-01	1.3260747e-02	7.0697922e-01	4.6881449e-01	2.3816472e-01
2.0500000e+03	1.1521801e-01	1.2902391e-02	7.0847690e-01	4.6945646e-01	2.3902044e-01
2.0750000e+03	1.1506435e-01	1.2751549e-02	7.0909697e-01	4.6961284e-01	2.3948413e-01
2.1000000e+03	1.1500578e-01	1.2676014e-02	7.0969713e-01	4.6985435e-01	2.3984277e-01
2.1250000e+03	1.1484097e-01	1.2605081e-02	7.0967585e-01	4.6967888e-01	2.3999695e-01
2.1500000e+03	1.1476901e-01	1.2545715e-02	7.0989877e-01	4.6971840e-01	2.4018037e-01
2.1750000e+03	1.1456785e-01	1.2485460e-02	7.0961297e-01	4.6937433e-01	2.4023864e-01
2.2000000e+03	1.1443562e-01	1.2407643e-02	7.0971549e-01	4.6929336e-01	2.4042213e-01
2.2250000e+03	1.1417376e-01	1.2323557e-02	7.0937449e-01	4.6886098e-01	2.4051349e-01
2.2500000e+03	1.1399763e-01	1.2223950e-02	7.0957100e-01	4.6878314e-01	2.4078786e-01
2.2750000e+03	1.1368052e-01	1.2101968e-02	7.0932144e-01	4.6834123e-01	2.4098021e-01
2.3000000e+03	1.1344712e-01	1.1981351e-02	7.0934045e-01	4.6811736e-01	2.4122310e-01
2.3250000e+03	1.1307685e-01	1.1873712e-02	7.0865756e-01	4.6740562e-01	2.4125193e-01
2.3500000e+03	1.1278576e-01	1.1781927e-02	7.0817810e-01	4.6687481e-01	2.4130329e-01
2.3750000e+03	1.1236983e-01	1.1701790e-02	7.0710903e-01	4.6592435e-01	2.4118468e-01
2.4000000e+03	1.1203960e-01	1.1628244e-02	7.0634526e-01	4.6521223e-01	2.4113303e-01
2.4250000e+03	1.1158850e-01	1.1558504e-02	7.0506537e-01	4.6412119e-01	2.4094418e-01
2.4500000e+03	1.1121980e-01	1.1493387e-02	7.0412743e-01	4.6328351e-01	2.4084392e-01
2.4750000e+03	1.1072739e-01	1.1431629e-02	7.0270073e-01	4.6207777e-01	2.4062297e-01
2.5000000e+03	1.1033710e-01	1.1377745e-02	7.0166570e-01	4.6116996e-01	2.4049574e-01
2.5250000e+03	1.0985824e-01	1.1334025e-02	7.0020717e-01	4.5996183e-01	2.4024534e-01
2.5500000e+03	1.0951310e-01	1.1301685e-02	6.9920915e-01	4.5911768e-01	2.4009147e-01
2.5750000e+03	1.0912105e-01	1.1280011e-02	6.9787860e-01	4.5806035e-01	2.3981825e-01
2.6000000e+03	1.0892682e-01	1.1274619e-02	6.9712770e-01	4.5749068e-01	2.3963703e-01
2.6250000e+03	1.0867254e-01	1.1279191e-02	6.9602078e-01	4.5668292e-01	2.3933786e-01
2.6500000e+03	1.0854473e-01	1.1288462e-02	6.9536173e-01	4.5622560e-01	2.3913613e-01
2.6750000e+03	1.0834204e-01	1.1301658e-02	6.9432151e-01	4.5550281e-01	2.3881871e-01
2.7000000e+03	1.0826356e-01	1.1319758e-02	6.9373524e-01	4.5513117e-01	2.3860407e-01
2.7250000e+03	1.0806305e-01	1.1334063e-02	6.9269067e-01	4.5440838e-01	2.3828229e-01
2.7500000e+03	1.0797564e-01	1.1347115e-02	6.9208789e-01	4.5401958e-01	2.3806831e-01
2.7750000e+03	1.0780191e-01	1.1359518e-02	6.9110990e-01	4.5335686e-01	2.3775303e-01
2.8000000e+03	1.0771192e-01	1.1365217e-02	6.9053900e-01	4.5298141e-01	2.3755759e-01
2.8250000e+03	1.0752331e-01	1.1368264e-02	6.8957990e-01	4.5231327e-01	2.3726663e-01
2.8500000e+03	1.0743453e-01	1.1371071e-02	6.8905967e-01	4.5196438e-01	2.3709530e-01
2.8750000e+03	1.0729845e-01	1.1385323e-02	6.8825483e-01	4.5142585e-01	2.3682897e-01
2.9000000e+03	1.0735998e-01	1.1424143e-02	6.8808341e-01	4.5140168e-01	2.3668173e-01
2.9250000e+03	1.0737882e-01	1.1479322e-02	6.8765038e-01	4.5120400e-01	2.3644638e-01
2.9500000e+03	1.0752142e-01	1.1540435e-02	6.8771017e-01	4.5137650e-01	2.3633367e-01
2.9750000e+03	1.0758221e-01	1.1605575e-02	6.8741488e-01	4.5128965e-01	2.3612523e-01
3.0000000e+03	1.0770534e-01	1.1662395e-02	6.8748987e-01	4.5145029e-01	2.3603959e-01
3.0250000e+03	1.0762328e-01	1.1692572e-02	6.8697530e-01	4.5111093e-01	2.3586437e-01
3.0500000e+03	1.0768621e-01	1.1718103e-02	6.8695903e-01	4.5116574e-01	2.3579329e-01
3.0750000e+03	1.0760164e-01	1.1726453e-02	6.8646711e-01	4.5083520e-01	2.3563191e-01
3.1000000e+03	1.0759967e-01	1.1720169e-02	6.8637735e-01	4.5078835e-01	2.3558900e-01
3.1250000e+03	1.0759916e-01	1.1726153e-02	6.8608534e-01	4.5064184e-01	2.3544350e-01
3.1500000e+03	1.0799058e-01	1.1790292e-02	6.8679583e-01	4.5138848e-01	2.3540734e-01
3.1750000e+03	1.0851661e-01	1.1913069e-02	6.8761194e-01	4.5232257e-01	2.3528937e-01
3.2000000e+03	1.0919235e-01	1.2056218e-02	6.8903655e-01	4.5371062e-01	2.3532593e-01
3.2250000e+03	1.0972552e-01	1.2198425e-02	6.9005305e-01	4.5475203e-01	2.3530100e-01
3.2500000e+03	1.1029567e-01	1.2328986e-02	6.9142216e-01	4.5600677e-01	2.3541541e-01
3.2750000e+03	1.1068606e-01	1.2438795e-02	6.9226807e-01	4.5682010e-01	2.3544797e-01
3.3000000e+03	1.1113410e-01	1.2533826e-02	6.9347858e-01	4.5787340e-01	2.3560518e-01
3.3250000e+03	1.1144745e-01	1.2615801e-02	6.9424176e-01	4.5856833e-01	2.3567343e-01
3.3500000e+03	1.1183859e-01	1.2687324e-02	6.9540578e-01	4.5954147e-01	2.3586431e-01
3.3750000e+03	1.1210423e-01	1.2747569e-02	6.9613689e-01	4.6017268e-01	2.3596421e-01
3.4000000e+03	1.1245365e-01	1.2798524e-02	6.9728267e-01	4.6109498e-01	2.3618770e-01
3.4250000e+03	1.1267738e-01	1.2838145e-02	6.9799811e-01	4.6167642e-01	2.3632167e-01
3.4500000e+03	1.1298408e-01	1.2868663e-02	6.9913024e-01	4.6254921e-01	2.3658104e-01
3.4750000e+03	1.1315980e-01	1.2888356e-02	6.9982094e-01	4.6307027e-01	2.3675066e-01
3.5000000e+03	1.1341657e-01	1.2899902e-02	7.0091957e-01	4.6387637e-01	2.3704320e-01
3.5250000e+03	1.1354466e-01	1.2902264e-02	7.0156699e-01	4.6432817e-01	2.3723884e-01
3.5500000e+03	1.1376003e-01	1.2898773e-02	7.0262116e-01	4.6507061e-01	2.3755056e-01
3.5750000e+03	1.1385195e-01	1.2888544e-02	7.0321631e-01	4.6546012e-01	2.3775621e-01
3.6000000e+03	1.1403666e-01	1.2874436e-02	7.0421648e-01	4.6614492e-01	2.3807158e-01
3.6250000e+03	1.1409951e-01	1.2855211e-02	7.0474774e-01	4.6647337e-01	2.3827437e-01
3.6500000e+03	1.1425585e-01	1.2833081e-02	7.0567673e-01	4.6709421e-01	2.3858252e-01
3.6750000e+03	1.1429387e-01	1.2807301e-02	7.0614439e-01	4.6736607e-01	2.3877832e-01
3.7000000e+03	1.1442925e-01	1.2779878e-02	7.0702046e-01	4.6793950e-01	2.3908098e-01
3.7250000e+03	1.1444914e-01	1.2749532e-02	7.0744115e-01	4.6816972e-01	2.3927143e-01
3.7500000e+03	1.1457059e-01	1.2718647e-02	7.0828247e-01	4.6871182e-01	2.3957065e-01
3.7750000e+03	1.1457809e-01	1.2685357e-02	7.0866823e-01	4.6891221e-01	2.3975602e-01
3.8000000e+03	1.1468843e-01	1.2652378e-02	7.0947170e-01	4.6942428e-01	2.4004743e-01
3.8250000e+03	1.1468542e-01	1.2617901e-02	7.0981526e-01	4.6959305e-01	2.4022222e-01
3.8500000e+03	1.1478558e-01	1.2584702e-02	7.1056676e-01	4.7006896e-01	2.4049780e-01
3.8750000e+03	1.1477318e-01	1.2550631e-02	7.1085334e-01	4.7019985e-01	2.4065349e-01
3.9000000e+03	1.1486455e-01	1.2518710e-02	7.1154475e-01	4.7063693e-01	2.4090782e-01
3.9250000e+03	1.1484338e-01	1.2486994e-02	7.1176571e-01	4.7072625e-01	2.4103947e-01
3.9500000e+03	1.1492574e-01	1.2457352e-02	7.1238917e-01	4.7112033e-01	2.4126884e-01
3.9750000e+03	1.1489642e-01	1.2428227e-02	7.1254718e-01	4.7117001e-01	2.4137717e-01
4.0000000e+03	1.1497140e-01	1.2401041e-02	7.1311635e-01	4.7152957e-01	2.4158677e-01
4.0250000e+03	1.1493508e-01	1.2373988e-02	7.1322578e-01	4.7154796e-01	2.4167782e-01
4.0500000e+03	1.1500417e-01	1.2348671e-02	7.1375126e-01	4.7187981e-01	2.4187145e-01
4.0750000e+03	1.1496393e-01	1.2323505e-02	7.1382564e-01	4.7187674e-01	2.4194890e-01
4.1000000e+03	1.1503047e-01	1.2300783e-02	7.1431971e-01	4.7219032e-01	2.4212939e-01
4.1250000e+03	1.1498836e-01	1.2278392e-02	7.1436012e-01	4.7216842e-01	2.4219170e-01
4.1500000e+03	1.1505341e-01	1.2258539e-02	7.1482134e-01	4.7246408e-01	2.4235725e-01
4.1750000e+03	1.1500986e-01	1.2239237e-02	7.1482885e-01	4.7242427e-01	2.4240457e-01
4.2000000e+03	1.1507348e-01	1.2222198e-02	7.1525717e-01	4.7270206e-01	2.4255511e-01
4.2250000e+03	1.1502829e-01	1.2205846e-02	7.1523291e-01	4.7264475e-01	2.4258816e-01
4.2500000e+03	1.1509024e-01	1.2191343e-02	7.1563143e-01	4.7290596e-01	2.4272546e-01
4.2750000e+03	1.1504226e-01	1.2176945e-02	7.1557677e-01	4.7283065e-01	2.4274611e-01
4.3000000e+03	1.1510219e-01	1.2164272e-02	7.1595138e-01	4.7307789e-01	2.4287349e-01
4.3250000e+03	1.1505212e-01	1.2151490e-02	7.1587551e-01	4.7298986e-01	2.4288563e-01
4.3500000e+03	1.1511008e-01	1.2139986e-02	7.1623254e-01	4.7322634e-01	2.4300620e-01
4.3750000e+03	1.1505765e-01	1.2127846e-02	7.1613955e-01	4.7312742e-01	2.4301213e-01
4.4000000e+03	1.1511317e-01	1.2117146e-02	7.1647972e-01	4.7335303e-01	2.4312669e-01
4.4250000e+03	1.1505953e-01	1.2105599e-02	7.1637732e-01	4.7324818e-01	2.4312913e-01
4.4500000e+03	1.1511380e-01	1.2095492e-02	7.1670681e-01	4.7346720e-01	2.4323961e-01
4.4750000e+03	1.1505794e-01	1.2084438e-02	7.1659064e-01	4.7335327e-01	2.4323738e-01
4.5000000e+03	1.1511009e-01	1.2074504e-02	7.1690995e-01	4.7356507e-01	2.4334487e-01
