# Force coefficients
# liftDir     : (0.0000000e+00 1.0000000e+00 0.0000000e+00)
# dragDir     : (1.0000000e+00 0.0000000e+00 0.0000000e+00)
# pitchAxis   : (0.0000000e+00 0.0000000e+00 1.0000000e+00)
# magUInf     : 3.6089199e+01
# lRef        : 9.0219998e-01
# Aref        : 9.0221003e-02
# CofR        : (2.2555199e-01 0.0000000e+00 0.0000000e+00)
# Time        	Cm            	Cd            	Cl            	Cl(f)         	Cl(r)         	Cm	Cd	Cl	Cl(f)	Cl(r)
2.5000000e+01	9.5267706e-02	3.5338685e-02	2.9559085e-01	2.4306312e-01	5.2527718e-02
5.0000000e+01	1.0549989e-01	3.4933299e-02	3.4045431e-01	2.7572703e-01	6.4727269e-02
7.5000000e+01	1.0974868e-01	3.4427084e-02	3.7087840e-01	2.9518789e-01	7.5690523e-02
1.0000000e+02	1.1415162e-01	3.4595616e-02	4.0312976e-01	3.1571651e-01	8.7413259e-02
1.2500000e+02	1.1768075e-01	3.4483206e-02	4.3469185e-01	3.3502668e-01	9.9665172e-02
1.5000000e+02	1.2007885e-01	3.4028709e-02	4.6512419e-01	3.5264093e-01	1.1248325e-01
1.7500000e+02	1.2153378e-01	3.3326030e-02	4.9404156e-01	3.6855456e-01	1.2548700e-01
2.0000000e+02	1.2226008e-01	3.2405708e-02	5.2062881e-01	3.8257450e-01	1.3805433e-01
2.2500000e+02	1.2237971e-01	3.1315368e-02	5.4387003e-01	3.9431474e-01	1.4955530e-01
2.5000000e+02	1.2240851e-01	3.0107439e-02	5.6533098e-01	4.0507400e-01	1.6025698e-01
2.7500000e+02	1.2236553e-01	2.8869817e-02	5.8536232e-01	4.1504669e-01	1.7031562e-01
3.0000000e+02	1.2242535e-01	2.7653540e-02	6.0401779e-01	4.2443424e-01	1.7958355e-01
3.2500000e+02	1.2214811e-01	2.6496358e-02	6.1904359e-01	4.3166989e-01	1.8737368e-01
3.5000000e+02	1.2171737e-01	2.5453333e-02	6.3079852e-01	4.3711662e-01	1.9368190e-01
3.7500000e+02	1.2105795e-01	2.4548979e-02	6.3921779e-01	4.4066685e-01	1.9855094e-01
4.0000000e+02	1.2041983e-01	2.3775417e-02	6.4605308e-01	4.4344637e-01	2.0260671e-01
4.2500000e+02	1.1981476e-01	2.3098880e-02	6.5206707e-01	4.4584829e-01	2.0621878e-01
4.5000000e+02	1.1936733e-01	2.2489380e-02	6.5786546e-01	4.4830006e-01	2.0956540e-01
4.7500000e+02	1.1891706e-01	2.1983730e-02	6.6231817e-01	4.5007616e-01	2.1224202e-01
5.0000000e+02	1.1862817e-01	2.1611733e-02	6.6586453e-01	4.5156044e-01	2.1430409e-01
5.2500000e+02	1.1833312e-01	2.1339348e-02	6.6825771e-01	4.5246199e-01	2.1579573e-01
5.5000000e+02	1.1809187e-01	2.1097353e-02	6.7045051e-01	4.5331714e-01	2.1713337e-01
5.7500000e+02	1.1772073e-01	2.0842915e-02	6.7218918e-01	4.5381531e-01	2.1837386e-01
6.0000000e+02	1.1740897e-01	2.0570811e-02	6.7432016e-01	4.5456904e-01	2.1975112e-01
6.2500000e+02	1.1702018e-01	2.0285869e-02	6.7620689e-01	4.5512363e-01	2.2108325e-01
6.5000000e+02	1.1666736e-01	1.9976327e-02	6.7829025e-01	4.5581248e-01	2.2247776e-01
6.7500000e+02	1.1614743e-01	1.9642202e-02	6.7969847e-01	4.5599666e-01	2.2370180e-01
7.0000000e+02	1.1569097e-01	1.9315124e-02	6.8113482e-01	4.5625839e-01	2.2487643e-01
7.2500000e+02	1.1521956e-01	1.9033767e-02	6.8207145e-01	4.5625529e-01	2.2581616e-01
7.5000000e+02	1.1492065e-01	1.8807542e-02	6.8323845e-01	4.5653987e-01	2.2669858e-01
7.7500000e+02	1.1461380e-01	1.8627506e-02	6.8397325e-01	4.5660043e-01	2.2737283e-01
8.0000000e+02	1.1444800e-01	1.8486179e-02	6.8493652e-01	4.5691627e-01	2.2802025e-01
8.2500000e+02	1.1423833e-01	1.8375689e-02	6.8544495e-01	4.5696080e-01	2.2848415e-01
8.5000000e+02	1.1414576e-01	1.8289436e-02	6.8620145e-01	4.5724648e-01	2.2895497e-01
8.7500000e+02	1.1400672e-01	1.8221823e-02	6.8659770e-01	4.5730558e-01	2.2929212e-01
9.0000000e+02	1.1399543e-01	1.8168619e-02	6.8738270e-01	4.5768678e-01	2.2969592e-01
9.2500000e+02	1.1394344e-01	1.8126022e-02	6.8791103e-01	4.5789894e-01	2.3001209e-01
9.5000000e+02	1.1401522e-01	1.8091636e-02	6.8886530e-01	4.5844787e-01	2.3041743e-01
9.7500000e+02	1.1403280e-01	1.8063327e-02	6.8953329e-01	4.5879945e-01	2.3073384e-01
1.0000000e+03	1.1416254e-01	1.8041585e-02	6.9058192e-01	4.5945349e-01	2.3112842e-01
1.0250000e+03	1.1422843e-01	1.8025916e-02	6.9131076e-01	4.5988381e-01	2.3142695e-01
1.0500000e+03	1.1440050e-01	1.8016046e-02	6.9241685e-01	4.6060893e-01	2.3180792e-01
1.0750000e+03	1.1450063e-01	1.8009404e-02	6.9319892e-01	4.6110010e-01	2.3209882e-01
1.1000000e+03	1.1469426e-01	1.8004429e-02	6.9433957e-01	4.6186405e-01	2.3247552e-01
1.1250000e+03	1.1479787e-01	1.7998124e-02	6.9511735e-01	4.6235654e-01	2.3276082e-01
1.1500000e+03	1.1497761e-01	1.7988969e-02	6.9621497e-01	4.6308509e-01	2.3312989e-01
1.1750000e+03	1.1505447e-01	1.7974908e-02	6.9692171e-01	4.6351534e-01	2.3340638e-01
1.2000000e+03	1.1520229e-01	1.7955948e-02	6.9794011e-01	4.6417233e-01	2.3376778e-01
1.2250000e+03	1.1524693e-01	1.7931754e-02	6.9856375e-01	4.6452880e-01	2.3403496e-01
1.2500000e+03	1.1536660e-01	1.7904175e-02	6.9950068e-01	4.6511695e-01	2.3438373e-01
1.2750000e+03	1.1538760e-01	1.7874252e-02	7.0003897e-01	4.6540707e-01	2.3463190e-01
1.3000000e+03	1.1548774e-01	1.7843422e-02	7.0088547e-01	4.6593046e-01	2.3495500e-01
1.3250000e+03	1.1549301e-01	1.7812520e-02	7.0133102e-01	4.6615851e-01	2.3517251e-01
1.3500000e+03	1.1558119e-01	1.7782804e-02	7.0208621e-01	4.6662429e-01	2.3546192e-01
1.3750000e+03	1.1557791e-01	1.7754523e-02	7.0244628e-01	4.6680105e-01	2.3564523e-01
1.4000000e+03	1.1566089e-01	1.7728740e-02	7.0312691e-01	4.6722436e-01	2.3590256e-01
1.4250000e+03	1.1565197e-01	1.7704237e-02	7.0341259e-01	4.6735826e-01	2.3605433e-01
1.4500000e+03	1.1572911e-01	1.7681677e-02	7.0402193e-01	4.6774006e-01	2.3628186e-01
1.4750000e+03	1.1571392e-01	1.7660070e-02	7.0424056e-01	4.6783420e-01	2.3640636e-01
1.5000000e+03	1.1578429e-01	1.7640166e-02	7.0478451e-01	4.6817654e-01	2.3660797e-01
1.5250000e+03	1.1576284e-01	1.7621024e-02	7.0494193e-01	4.6823379e-01	2.3670813e-01
1.5500000e+03	1.1582749e-01	1.7603131e-02	7.0543039e-01	4.6854270e-01	2.3688771e-01
1.5750000e+03	1.1580089e-01	1.7585855e-02	7.0553845e-01	4.6857011e-01	2.3696834e-01
1.6000000e+03	1.1586159e-01	1.7570278e-02	7.0598233e-01	4.6885276e-01	2.3712957e-01
1.6250000e+03	1.1583010e-01	1.7554745e-02	7.0604348e-01	4.6885183e-01	2.3719165e-01
1.6500000e+03	1.1588735e-01	1.7540772e-02	7.0644885e-01	4.6911177e-01	2.3733708e-01
1.6750000e+03	1.1585303e-01	1.7527414e-02	7.0647484e-01	4.6909046e-01	2.3738439e-01
1.7000000e+03	1.1590668e-01	1.7514884e-02	7.0684469e-01	4.6932903e-01	2.3751566e-01
1.7250000e+03	1.1586984e-01	1.7502835e-02	7.0683992e-01	4.6928978e-01	2.3755012e-01
1.7500000e+03	1.1592156e-01	1.7492170e-02	7.0718229e-01	4.6951270e-01	2.3766959e-01
1.7750000e+03	1.1588289e-01	1.7481552e-02	7.0715266e-01	4.6945924e-01	2.3769344e-01
1.8000000e+03	1.1593221e-01	1.7472077e-02	7.0746797e-01	4.6966618e-01	2.3780178e-01
1.8250000e+03	1.1589220e-01	1.7463207e-02	7.0741636e-01	4.6960038e-01	2.3781598e-01
1.8500000e+03	1.1594075e-01	1.7454812e-02	7.0771319e-01	4.6979734e-01	2.3791584e-01
1.8750000e+03	1.1589973e-01	1.7447041e-02	7.0764130e-01	4.6972036e-01	2.3792093e-01
1.9000000e+03	1.1594821e-01	1.7440284e-02	7.0792240e-01	4.6990940e-01	2.3801300e-01
1.9250000e+03	1.1590679e-01	1.7433738e-02	7.0783508e-01	4.6982431e-01	2.3801075e-01
1.9500000e+03	1.1595523e-01	1.7428165e-02	7.0810258e-01	4.7000653e-01	2.3809606e-01
1.9750000e+03	1.1591408e-01	1.7422704e-02	7.0800418e-01	4.6991616e-01	2.3808801e-01
2.0000000e+03	1.1596215e-01	1.7418275e-02	7.0825952e-01	4.7009191e-01	2.3816761e-01
