# Force coefficients
# liftDir     : (0.0000000e+00 1.0000000e+00 0.0000000e+00)
# dragDir     : (1.0000000e+00 0.0000000e+00 0.0000000e+00)
# pitchAxis   : (0.0000000e+00 0.0000000e+00 1.0000000e+00)
# magUInf     : 3.6089199e+01
# lRef        : 9.0219998e-01
# Aref        : 9.0221003e-02
# CofR        : (2.2555199e-01 0.0000000e+00 0.0000000e+00)
# Time        	Cm            	Cd            	Cl            	Cl(f)         	Cl(r)         	Cm	Cd	Cl	Cl(f)	Cl(r)
2.5000000e+01	9.8504685e-02	2.2140878e-01	1.0198615e+00	6.0843539e-01	4.1142604e-01
5.0000000e+01	1.2306353e-01	2.5425509e-01	1.1953291e+00	7.2072804e-01	4.7460100e-01
7.5000000e+01	1.1499061e-01	2.4761336e-01	1.2439607e+00	7.3697096e-01	5.0698978e-01
1.0000000e+02	1.1919329e-01	2.5235859e-01	1.3186772e+00	7.7853191e-01	5.4014528e-01
1.2500000e+02	1.2810291e-01	2.6101652e-01	1.4076533e+00	8.3192956e-01	5.7572377e-01
1.5000000e+02	1.3665695e-01	2.6845333e-01	1.5012343e+00	8.8727409e-01	6.1396021e-01
1.7500000e+02	1.3986979e-01	2.6758096e-01	1.5808434e+00	9.3029153e-01	6.5055192e-01
2.0000000e+02	1.4281330e-01	2.6424009e-01	1.6574973e+00	9.7156191e-01	6.8593538e-01
2.2500000e+02	1.4389928e-01	2.5726396e-01	1.7235034e+00	1.0056510e+00	7.1785241e-01
2.5000000e+02	1.4440921e-01	2.4865797e-01	1.7829530e+00	1.0358857e+00	7.4706733e-01
2.7500000e+02	1.4393882e-01	2.3847184e-01	1.8339834e+00	1.0609305e+00	7.7305287e-01
3.0000000e+02	1.4385764e-01	2.2868913e-01	1.8827232e+00	1.0852193e+00	7.9750395e-01
3.2500000e+02	1.4439356e-01	2.2000189e-01	1.9296809e+00	1.1092341e+00	8.2044691e-01
3.5000000e+02	1.4453477e-01	2.1158831e-01	1.9699222e+00	1.1294959e+00	8.4042633e-01
3.7500000e+02	1.4174026e-01	2.0056751e-01	1.9916462e+00	1.1375633e+00	8.5408282e-01
4.0000000e+02	1.3835971e-01	1.9030136e-01	2.0035377e+00	1.1401285e+00	8.6340910e-01
4.2500000e+02	1.3502353e-01	1.8191616e-01	2.0093987e+00	1.1397228e+00	8.6967582e-01
4.5000000e+02	1.3237879e-01	1.7600982e-01	2.0134866e+00	1.1391221e+00	8.7436450e-01
4.7500000e+02	1.3026568e-01	1.7185168e-01	2.0160768e+00	1.1383041e+00	8.7777269e-01
5.0000000e+02	1.2876356e-01	1.6902992e-01	2.0172527e+00	1.1373899e+00	8.7986279e-01
5.2500000e+02	1.2735535e-01	1.6710733e-01	2.0134985e+00	1.1341046e+00	8.7939394e-01
5.5000000e+02	1.2749361e-01	1.6795205e-01	2.0078082e+00	1.1313977e+00	8.7641048e-01
5.7500000e+02	1.2801686e-01	1.7008330e-01	1.9979869e+00	1.1270103e+00	8.7097657e-01
6.0000000e+02	1.2963758e-01	1.7330064e-01	1.9877610e+00	1.1235181e+00	8.6424291e-01
6.2500000e+02	1.3115194e-01	1.7572969e-01	1.9745480e+00	1.1184260e+00	8.5612202e-01
6.5000000e+02	1.3139167e-01	1.7596325e-01	1.9553654e+00	1.1090744e+00	8.4629107e-01
6.7500000e+02	1.3566603e-01	1.7909414e-01	1.9378633e+00	1.1045977e+00	8.3326566e-01
7.0000000e+02	1.4181569e-01	1.8412490e-01	1.9227268e+00	1.1031791e+00	8.1954765e-01
7.2500000e+02	1.4655502e-01	1.8791446e-01	1.8991618e+00	1.0961360e+00	8.0302590e-01
7.5000000e+02	1.4963754e-01	1.9081603e-01	1.8684689e+00	1.0838720e+00	7.8459692e-01
7.7500000e+02	1.4956719e-01	1.9171692e-01	1.8275423e+00	1.0633383e+00	7.6420397e-01
8.0000000e+02	1.4454523e-01	1.8966705e-01	1.7752869e+00	1.0321887e+00	7.4309826e-01
8.2500000e+02	1.3314541e-01	1.8280880e-01	1.7061279e+00	9.8620933e-01	7.1991855e-01
8.5000000e+02	1.2250753e-01	1.7654884e-01	1.6338803e+00	9.3944764e-01	6.9443262e-01
8.7500000e+02	1.2220076e-01	1.7908382e-01	1.5798061e+00	9.1210383e-01	6.6770226e-01
9.0000000e+02	1.3323522e-01	1.9206695e-01	1.5524937e+00	9.0948206e-01	6.4301163e-01
9.2500000e+02	1.4906996e-01	2.0964010e-01	1.5414797e+00	9.1980982e-01	6.2166989e-01
9.5000000e+02	1.6285656e-01	2.2570890e-01	1.5331413e+00	9.2942721e-01	6.0371405e-01
9.7500000e+02	1.6524275e-01	2.3178755e-01	1.5003796e+00	9.1543251e-01	5.8494705e-01
1.0000000e+03	1.5309769e-01	2.2649953e-01	1.4276587e+00	8.6692703e-01	5.6073165e-01
1.0250000e+03	1.1984708e-01	2.0533606e-01	1.2954876e+00	7.6759088e-01	5.2789676e-01
1.0500000e+03	8.8862702e-02	1.8505284e-01	1.1579673e+00	6.6784638e-01	4.9012095e-01
1.0750000e+03	7.7071808e-02	1.7794304e-01	1.0743294e+00	6.1423647e-01	4.6009287e-01
1.1000000e+03	8.1398785e-02	1.8500954e-01	1.0538661e+00	6.0833186e-01	4.4553429e-01
1.1250000e+03	8.3241723e-02	1.8831457e-01	1.0445383e+00	6.0551083e-01	4.3902740e-01
1.1500000e+03	7.3064961e-02	1.7611559e-01	1.0078950e+00	5.7701248e-01	4.3088254e-01
1.1750000e+03	8.2331203e-02	1.8329705e-01	1.0221858e+00	5.9342408e-01	4.2876169e-01
1.2000000e+03	9.8546982e-02	1.9643831e-01	1.0542756e+00	6.2568480e-01	4.2859083e-01
1.2250000e+03	1.1652439e-01	2.1105079e-01	1.0864036e+00	6.5972620e-01	4.2667741e-01
1.2500000e+03	1.2897804e-01	2.2168978e-01	1.1038588e+00	6.8090749e-01	4.2295137e-01
1.2750000e+03	1.2657546e-01	2.2133534e-01	1.0859044e+00	6.6952765e-01	4.1637671e-01
1.3000000e+03	1.0903390e-01	2.1036097e-01	1.0326552e+00	6.2536150e-01	4.0729374e-01
1.3250000e+03	9.7995780e-02	2.0604037e-01	9.9341291e-01	5.9470224e-01	3.9871067e-01
1.3500000e+03	1.0501020e-01	2.1800026e-01	9.9630308e-01	6.0316175e-01	3.9314133e-01
1.3750000e+03	1.0842724e-01	2.1993504e-01	1.0024585e+00	6.0965645e-01	3.9280200e-01
1.4000000e+03	1.0632223e-01	2.1400887e-01	1.0089056e+00	6.1077505e-01	3.9813060e-01
1.4250000e+03	1.0430723e-01	2.0657320e-01	1.0251383e+00	6.1687636e-01	4.0826190e-01
1.4500000e+03	1.1007712e-01	2.0655757e-01	1.0649602e+00	6.4255726e-01	4.2240301e-01
1.4750000e+03	1.1804372e-01	2.0882845e-01	1.1073594e+00	6.7172343e-01	4.3563598e-01
1.5000000e+03	1.2357684e-01	2.0965147e-01	1.1351846e+00	6.9116914e-01	4.4401547e-01
1.5250000e+03	1.2239013e-01	2.0652992e-01	1.1383328e+00	6.9155657e-01	4.4677630e-01
1.5500000e+03	1.1686824e-01	2.0294824e-01	1.1318908e+00	6.8281364e-01	4.4907716e-01
1.5750000e+03	1.1099616e-01	2.0076051e-01	1.1294606e+00	6.7572647e-01	4.5373413e-01
1.6000000e+03	1.0178939e-01	1.9601563e-01	1.1069911e+00	6.5528488e-01	4.5170614e-01
1.6250000e+03	9.7968027e-02	1.9195232e-01	1.0912374e+00	6.4358675e-01	4.4765067e-01
1.6500000e+03	9.7427852e-02	1.8960676e-01	1.0826234e+00	6.3873953e-01	4.4388384e-01
1.6750000e+03	9.8763101e-02	1.8953314e-01	1.0870737e+00	6.4229995e-01	4.4477373e-01
1.7000000e+03	1.0470340e-01	1.9407199e-01	1.1160429e+00	6.6272485e-01	4.5331803e-01
1.7250000e+03	1.1357396e-01	2.0065857e-01	1.1575563e+00	6.9235212e-01	4.6520418e-01
1.7500000e+03	1.2150988e-01	2.0582730e-01	1.1915196e+00	7.1726966e-01	4.7424993e-01
1.7750000e+03	1.2570806e-01	2.0841511e-01	1.2064559e+00	7.2893602e-01	4.7751993e-01
1.8000000e+03	1.2547162e-01	2.0895509e-01	1.2069868e+00	7.2896504e-01	4.7802177e-01
1.8250000e+03	1.2410147e-01	2.1100007e-01	1.2174650e+00	7.3283398e-01	4.8463106e-01
1.8500000e+03	1.1774511e-01	2.0772392e-01	1.2216418e+00	7.2856599e-01	4.9307579e-01
1.8750000e+03	1.0102941e-01	1.9310798e-01	1.1828926e+00	6.9247568e-01	4.9041688e-01
1.9000000e+03	9.4990470e-02	1.8575519e-01	1.1659056e+00	6.7794329e-01	4.8796234e-01
1.9250000e+03	9.6470095e-02	1.8512848e-01	1.1648141e+00	6.7887717e-01	4.8593697e-01
1.9500000e+03	1.0038935e-01	1.8723324e-01	1.1714127e+00	6.8609571e-01	4.8531699e-01
1.9750000e+03	1.0851518e-01	1.9361584e-01	1.1950215e+00	7.0602596e-01	4.8899558e-01
2.0000000e+03	1.2139343e-01	2.0463018e-01	1.2327639e+00	7.3777539e-01	4.9498850e-01
