# Force coefficients
# liftDir     : (0.0000000e+00 1.0000000e+00 0.0000000e+00)
# dragDir     : (1.0000000e+00 0.0000000e+00 0.0000000e+00)
# pitchAxis   : (0.0000000e+00 0.0000000e+00 1.0000000e+00)
# magUInf     : 3.6089199e+01
# lRef        : 9.0219998e-01
# Aref        : 6.3155003e-02
# CofR        : (2.2555199e-01 0.0000000e+00 0.0000000e+00)
# Time        	Cm            	Cd            	Cl            	Cl(f)         	Cl(r)         	Cm	Cd	Cl	Cl(f)	Cl(r)
2.5000000e+01	9.4695613e-02	3.4987375e-02	2.9382542e-01	2.4160832e-01	5.2217096e-02
5.0000000e+01	1.0543162e-01	3.5101969e-02	3.4038326e-01	2.7562326e-01	6.4760014e-02
7.5000000e+01	1.0973401e-01	3.4613501e-02	3.7105507e-01	2.9526153e-01	7.5793527e-02
1.0000000e+02	1.1418120e-01	3.4829251e-02	4.0356284e-01	3.1596261e-01	8.7600224e-02
1.2500000e+02	1.1771249e-01	3.4731138e-02	4.3535569e-01	3.3539033e-01	9.9965356e-02
1.5000000e+02	1.2011964e-01	3.4288090e-02	4.6609002e-01	3.5316464e-01	1.1292537e-01
1.7500000e+02	1.2152978e-01	3.3566602e-02	4.9501920e-01	3.6903939e-01	1.2597981e-01
2.0000000e+02	1.2221530e-01	3.2625332e-02	5.2153862e-01	3.8298461e-01	1.3855401e-01
2.2500000e+02	1.2226427e-01	3.1511486e-02	5.4451281e-01	3.9452067e-01	1.4999214e-01
2.5000000e+02	1.2231595e-01	3.0304749e-02	5.6595230e-01	4.0529209e-01	1.6066021e-01
2.7500000e+02	1.2229192e-01	2.9068632e-02	5.8591056e-01	4.1524720e-01	1.7066336e-01
3.0000000e+02	1.2239915e-01	2.7866865e-02	6.0453522e-01	4.2466676e-01	1.7986846e-01
3.2500000e+02	1.2210644e-01	2.6720159e-02	6.1922163e-01	4.3171725e-01	1.8750438e-01
3.5000000e+02	1.2172099e-01	2.5704445e-02	6.3084549e-01	4.3714374e-01	1.9370174e-01
3.7500000e+02	1.2104636e-01	2.4819877e-02	6.3893229e-01	4.4051251e-01	1.9841978e-01
4.0000000e+02	1.2045246e-01	2.4070090e-02	6.4578807e-01	4.4334650e-01	2.0244157e-01
4.2500000e+02	1.1984843e-01	2.3399936e-02	6.5175015e-01	4.4572350e-01	2.0602664e-01
4.5000000e+02	1.1943935e-01	2.2798533e-02	6.5767425e-01	4.4827646e-01	2.0939778e-01
4.7500000e+02	1.1895905e-01	2.2290019e-02	6.6198564e-01	4.4995189e-01	2.1203376e-01
5.0000000e+02	1.1868648e-01	2.1922026e-02	6.6559619e-01	4.5148456e-01	2.1411161e-01
5.2500000e+02	1.1836385e-01	2.1644143e-02	6.6790247e-01	4.5231509e-01	2.1558738e-01
5.5000000e+02	1.1815426e-01	2.1402290e-02	6.7027164e-01	4.5329008e-01	2.1698156e-01
5.7500000e+02	1.1775749e-01	2.1136576e-02	6.7196786e-01	4.5374143e-01	2.1822643e-01
6.0000000e+02	1.1747758e-01	2.0864272e-02	6.7425764e-01	4.5460641e-01	2.1965124e-01
6.2500000e+02	1.1703766e-01	2.0565726e-02	6.7598528e-01	4.5503029e-01	2.2095498e-01
6.5000000e+02	1.1667603e-01	2.0253450e-02	6.7807758e-01	4.5571482e-01	2.2236276e-01
6.7500000e+02	1.1610728e-01	1.9914601e-02	6.7928052e-01	4.5574754e-01	2.2353297e-01
7.0000000e+02	1.1568381e-01	1.9597238e-02	6.8078542e-01	4.5607650e-01	2.2470890e-01
7.2500000e+02	1.1519235e-01	1.9313565e-02	6.8156266e-01	4.5597368e-01	2.2558898e-01
7.5000000e+02	1.1492737e-01	1.9094924e-02	6.8279529e-01	4.5632499e-01	2.2647028e-01
7.7500000e+02	1.1458036e-01	1.8912004e-02	6.8332392e-01	4.5624232e-01	2.2708160e-01
8.0000000e+02	1.1442365e-01	1.8776523e-02	6.8429857e-01	4.5657295e-01	2.2772564e-01
8.2500000e+02	1.1416041e-01	1.8660529e-02	6.8458015e-01	4.5645049e-01	2.2812966e-01
8.5000000e+02	1.1407496e-01	1.8577805e-02	6.8536538e-01	4.5675766e-01	2.2860773e-01
8.7500000e+02	1.1388468e-01	1.8502856e-02	6.8556732e-01	4.5666835e-01	2.2889897e-01
9.0000000e+02	1.1388259e-01	1.8451415e-02	6.8640739e-01	4.5708627e-01	2.2932111e-01
9.2500000e+02	1.1378080e-01	1.8400719e-02	6.8675518e-01	4.5715839e-01	2.2959679e-01
9.5000000e+02	1.1386378e-01	1.8368438e-02	6.8776453e-01	4.5774603e-01	2.3001848e-01
9.7500000e+02	1.1383585e-01	1.8333716e-02	6.8824774e-01	4.5795971e-01	2.3028803e-01
1.0000000e+03	1.1398394e-01	1.8317509e-02	6.8935692e-01	4.5866239e-01	2.3069453e-01
1.0250000e+03	1.1401325e-01	1.8298421e-02	6.8991619e-01	4.5897135e-01	2.3094484e-01
1.0500000e+03	1.1421068e-01	1.8295959e-02	6.9109726e-01	4.5975929e-01	2.3133795e-01
1.0750000e+03	1.1427933e-01	1.8287335e-02	6.9172317e-01	4.6014091e-01	2.3158225e-01
1.1000000e+03	1.1450059e-01	1.8290538e-02	6.9294471e-01	4.6097293e-01	2.3197177e-01
1.1250000e+03	1.1457394e-01	1.8282549e-02	6.9357139e-01	4.6135962e-01	2.3221175e-01
1.1500000e+03	1.1478310e-01	1.8281456e-02	6.9476247e-01	4.6216434e-01	2.3259813e-01
1.1750000e+03	1.1483055e-01	1.8265046e-02	6.9532919e-01	4.6249515e-01	2.3283404e-01
1.2000000e+03	1.1501036e-01	1.8253550e-02	6.9645751e-01	4.6323910e-01	2.3321840e-01
1.2250000e+03	1.1502808e-01	1.8226720e-02	6.9695491e-01	4.6350554e-01	2.3344937e-01
1.2500000e+03	1.1518115e-01	1.8206770e-02	6.9800842e-01	4.6418536e-01	2.3382306e-01
1.2750000e+03	1.1517454e-01	1.8173706e-02	6.9842046e-01	4.6438476e-01	2.3403570e-01
1.3000000e+03	1.1530840e-01	1.8150097e-02	6.9938630e-01	4.6500155e-01	2.3438475e-01
1.3250000e+03	1.1528666e-01	1.8116072e-02	6.9970983e-01	4.6514156e-01	2.3456827e-01
1.3500000e+03	1.1540939e-01	1.8093424e-02	7.0059228e-01	4.6570551e-01	2.3488675e-01
1.3750000e+03	1.1537932e-01	1.8061720e-02	7.0083511e-01	4.6579689e-01	2.3503824e-01
1.4000000e+03	1.1549486e-01	1.8041881e-02	7.0163965e-01	4.6631467e-01	2.3532496e-01
1.4250000e+03	1.1545757e-01	1.8013023e-02	7.0180827e-01	4.6636170e-01	2.3544657e-01
1.4500000e+03	1.1556674e-01	1.7996293e-02	7.0254433e-01	4.6683890e-01	2.3570544e-01
1.4750000e+03	1.1552233e-01	1.7969882e-02	7.0264399e-01	4.6684432e-01	2.3579967e-01
1.5000000e+03	1.1562398e-01	1.7955201e-02	7.0331353e-01	4.6728075e-01	2.3603278e-01
1.5250000e+03	1.1557321e-01	1.7931009e-02	7.0335358e-01	4.6724999e-01	2.3610358e-01
1.5500000e+03	1.1566941e-01	1.7918386e-02	7.0396942e-01	4.6765411e-01	2.3631531e-01
1.5750000e+03	1.1561294e-01	1.7896172e-02	7.0395684e-01	4.6759135e-01	2.3636548e-01
1.6000000e+03	1.1570439e-01	1.7885532e-02	7.0452482e-01	4.6796679e-01	2.3655802e-01
1.6250000e+03	1.1564381e-01	1.7865196e-02	7.0446831e-01	4.6787795e-01	2.3659036e-01
1.6500000e+03	1.1573200e-01	1.7856587e-02	7.0499814e-01	4.6823108e-01	2.3676707e-01
1.6750000e+03	1.1566781e-01	1.7837923e-02	7.0490372e-01	4.6811968e-01	2.3678404e-01
1.7000000e+03	1.1575238e-01	1.7830860e-02	7.0539701e-01	4.6845090e-01	2.3694612e-01
1.7250000e+03	1.1568531e-01	1.7813884e-02	7.0527142e-01	4.6832103e-01	2.3695040e-01
1.7500000e+03	1.1576749e-01	1.7808069e-02	7.0573598e-01	4.6863550e-01	2.3710050e-01
1.7750000e+03	1.1569797e-01	1.7792458e-02	7.0558304e-01	4.6848950e-01	2.3709354e-01
1.8000000e+03	1.1577859e-01	1.7788179e-02	7.0602459e-01	4.6879089e-01	2.3723370e-01
1.8250000e+03	1.1570744e-01	1.7773962e-02	7.0584738e-01	4.6863115e-01	2.3721625e-01
1.8500000e+03	1.1578706e-01	1.7771039e-02	7.0626825e-01	4.6892118e-01	2.3734707e-01
1.8750000e+03	1.1571514e-01	1.7757799e-02	7.0607364e-01	4.6875197e-01	2.3732167e-01
1.9000000e+03	1.1579438e-01	1.7756553e-02	7.0647764e-01	4.6903321e-01	2.3744443e-01
1.9250000e+03	1.1572210e-01	1.7744703e-02	7.0626646e-01	4.6885532e-01	2.3741114e-01
1.9500000e+03	1.1580141e-01	1.7744591e-02	7.0665723e-01	4.6913004e-01	2.3752721e-01
1.9750000e+03	1.1572903e-01	1.7733872e-02	7.0643377e-01	4.6894592e-01	2.3748785e-01
2.0000000e+03	1.1580868e-01	1.7734583e-02	7.0681512e-01	4.6921623e-01	2.3759888e-01
