# Force coefficients
# liftDir     : (0.0000000e+00 1.0000000e+00 0.0000000e+00)
# dragDir     : (1.0000000e+00 0.0000000e+00 0.0000000e+00)
# pitchAxis   : (0.0000000e+00 0.0000000e+00 1.0000000e+00)
# magUInf     : 3.6089199e+01
# lRef        : 9.0219998e-01
# Aref        : 4.5109998e-02
# CofR        : (2.2555199e-01 0.0000000e+00 0.0000000e+00)
# Time        	Cm            	Cd            	Cl            	Cl(f)         	Cl(r)         	Cm	Cd	Cl	Cl(f)	Cl(r)
2.5000000e+01	9.4802290e-02	2.2134049e-01	1.0138671e+00	6.0173583e-01	4.1213128e-01
5.0000000e+01	1.2511380e-01	2.6043075e-01	1.1941793e+00	7.2220343e-01	4.7197586e-01
7.5000000e+01	1.1473030e-01	2.5223547e-01	1.2398363e+00	7.3464847e-01	5.0518787e-01
1.0000000e+02	1.1900824e-01	2.5676441e-01	1.3145716e+00	7.7629405e-01	5.3827757e-01
1.2500000e+02	1.2763816e-01	2.6483434e-01	1.4019835e+00	8.2862991e-01	5.7335359e-01
1.5000000e+02	1.3669959e-01	2.7274573e-01	1.4963925e+00	8.8489580e-01	6.1149669e-01
1.7500000e+02	1.4001656e-01	2.7195579e-01	1.5758426e+00	9.2793787e-01	6.4790475e-01
2.0000000e+02	1.4301340e-01	2.6864403e-01	1.6522187e+00	9.6912277e-01	6.8309593e-01
2.2500000e+02	1.4409469e-01	2.6154134e-01	1.7176465e+00	1.0029179e+00	7.1472853e-01
2.5000000e+02	1.4463951e-01	2.5281718e-01	1.7766112e+00	1.0329452e+00	7.4366611e-01
2.7500000e+02	1.4407243e-01	2.4234135e-01	1.8267294e+00	1.0574372e+00	7.6929229e-01
3.0000000e+02	1.4377983e-01	2.3217767e-01	1.8744915e+00	1.0810256e+00	7.9346591e-01
3.2500000e+02	1.4384869e-01	2.2286156e-01	1.9199400e+00	1.1038187e+00	8.1612134e-01
3.5000000e+02	1.4357513e-01	2.1390735e-01	1.9590259e+00	1.1230881e+00	8.3593780e-01
3.7500000e+02	1.4032131e-01	2.0220983e-01	1.9793099e+00	1.1299763e+00	8.4933364e-01
4.0000000e+02	1.3655822e-01	1.9123408e-01	1.9899747e+00	1.1315455e+00	8.5842913e-01
4.2500000e+02	1.3276894e-01	1.8192667e-01	1.9945081e+00	1.1300230e+00	8.6448514e-01
4.5000000e+02	1.2964603e-01	1.7495146e-01	1.9975893e+00	1.1284407e+00	8.6914861e-01
4.7500000e+02	1.2689666e-01	1.6940710e-01	1.9992894e+00	1.1265414e+00	8.7274802e-01
5.0000000e+02	1.2464718e-01	1.6496404e-01	2.0001609e+00	1.1247276e+00	8.7543327e-01
5.2500000e+02	1.2199095e-01	1.6062878e-01	1.9950089e+00	1.1194954e+00	8.7551355e-01
5.5000000e+02	1.1910731e-01	1.5707037e-01	1.9833156e+00	1.1107651e+00	8.7255049e-01
5.7500000e+02	1.1558381e-01	1.5366502e-01	1.9635392e+00	1.0973535e+00	8.6618578e-01
6.0000000e+02	1.1220327e-01	1.5043567e-01	1.9397014e+00	1.0820540e+00	8.5764742e-01
6.2500000e+02	1.0630317e-01	1.4373331e-01	1.9046360e+00	1.0586212e+00	8.4601486e-01
6.5000000e+02	1.0626783e-01	1.4215176e-01	1.8755149e+00	1.0440253e+00	8.3148962e-01
6.7500000e+02	1.0871640e-01	1.4312837e-01	1.8515741e+00	1.0345035e+00	8.1707060e-01
7.0000000e+02	1.1019620e-01	1.4362207e-01	1.8257539e+00	1.0230732e+00	8.0268073e-01
7.2500000e+02	1.0949654e-01	1.4262275e-01	1.7928829e+00	1.0059381e+00	7.8694493e-01
7.5000000e+02	1.0805049e-01	1.4152640e-01	1.7564098e+00	9.8625535e-01	7.7015442e-01
7.7500000e+02	1.0757406e-01	1.4170191e-01	1.7185733e+00	9.6686071e-01	7.5171262e-01
8.0000000e+02	1.1026017e-01	1.4558519e-01	1.6860609e+00	9.5329064e-01	7.3277026e-01
8.2500000e+02	1.1316221e-01	1.5060055e-01	1.6522182e+00	9.3927133e-01	7.1294689e-01
8.5000000e+02	1.1215118e-01	1.5293737e-01	1.6084844e+00	9.1639340e-01	6.9209099e-01
8.7500000e+02	1.0325423e-01	1.4825308e-01	1.5428268e+00	8.7466764e-01	6.6815913e-01
9.0000000e+02	9.0267941e-02	1.3880263e-01	1.4615626e+00	8.2104927e-01	6.4051336e-01
9.2500000e+02	8.7431304e-02	1.3679104e-01	1.3967087e+00	7.8578568e-01	6.1092305e-01
9.5000000e+02	1.0401846e-01	1.5254261e-01	1.3755130e+00	7.9177493e-01	5.8373803e-01
9.7500000e+02	1.3074917e-01	1.7872256e-01	1.3856924e+00	8.2359535e-01	5.6209701e-01
1.0000000e+03	1.5692629e-01	2.0528558e-01	1.4104433e+00	8.6214793e-01	5.4829538e-01
1.0250000e+03	1.7160410e-01	2.2069877e-01	1.4115131e+00	8.7736064e-01	5.3415245e-01
1.0500000e+03	1.7367312e-01	2.2725694e-01	1.3796848e+00	8.6351550e-01	5.1616931e-01
1.0750000e+03	1.3049109e-01	1.9963512e-01	1.2410661e+00	7.5102413e-01	4.9004197e-01
1.1000000e+03	7.8338847e-02	1.6157249e-01	1.0626355e+00	6.0965663e-01	4.5297891e-01
1.1250000e+03	5.9989095e-02	1.4866000e-01	9.7271472e-01	5.4634643e-01	4.2636827e-01
1.1500000e+03	7.8102835e-02	1.6952111e-01	1.0009990e+00	5.7860231e-01	4.2239666e-01
1.1750000e+03	8.4598184e-02	1.7867362e-01	1.0327767e+00	6.0098654e-01	4.3179017e-01
1.2000000e+03	7.5794600e-02	1.6753723e-01	1.0273384e+00	5.8946377e-01	4.3787459e-01
1.2250000e+03	7.6428205e-02	1.6358350e-01	1.0280526e+00	5.9045446e-01	4.3759808e-01
1.2500000e+03	9.8865800e-02	1.8149397e-01	1.0759103e+00	6.3682097e-01	4.3908936e-01
1.2750000e+03	1.2546246e-01	2.0413741e-01	1.1326571e+00	6.9179100e-01	4.4086605e-01
1.3000000e+03	1.4090160e-01	2.1807247e-01	1.1637166e+00	7.2275984e-01	4.4095668e-01
1.3250000e+03	1.3409016e-01	2.1544172e-01	1.1467428e+00	7.0746160e-01	4.3928126e-01
1.3500000e+03	1.0749691e-01	1.9762090e-01	1.0868895e+00	6.5094167e-01	4.3594784e-01
1.3750000e+03	9.5801637e-02	1.9236976e-01	1.0590479e+00	6.2532562e-01	4.3372232e-01
1.4000000e+03	9.7164355e-02	2.0021410e-01	1.0604007e+00	6.2736470e-01	4.3303600e-01
1.4250000e+03	9.4145007e-02	1.9792542e-01	1.0610087e+00	6.2464935e-01	4.3635935e-01
1.4500000e+03	8.7561183e-02	1.8774597e-01	1.0540094e+00	6.1456591e-01	4.3944353e-01
1.4750000e+03	8.4904887e-02	1.7934774e-01	1.0644238e+00	6.1711681e-01	4.4730702e-01
1.5000000e+03	9.5114313e-02	1.8430804e-01	1.1217029e+00	6.5596575e-01	4.6573713e-01
1.5250000e+03	1.0330857e-01	1.8640986e-01	1.1703762e+00	6.8849665e-01	4.8187953e-01
1.5500000e+03	1.0870491e-01	1.8637510e-01	1.2037345e+00	7.1057218e-01	4.9316233e-01
1.5750000e+03	1.0566808e-01	1.8145765e-01	1.2066470e+00	7.0899159e-01	4.9765545e-01
1.6000000e+03	9.3180530e-02	1.7232414e-01	1.1845982e+00	6.8547964e-01	4.9911857e-01
1.6250000e+03	7.6161027e-02	1.6064924e-01	1.1545225e+00	6.5342230e-01	5.0110024e-01
1.6500000e+03	6.2076665e-02	1.5169004e-01	1.1260258e+00	6.2508959e-01	5.0093621e-01
1.6750000e+03	5.6989256e-02	1.4787506e-01	1.1203986e+00	6.1718857e-01	5.0321007e-01
1.7000000e+03	5.6856338e-02	1.4688870e-01	1.1278856e+00	6.2079912e-01	5.0708646e-01
1.7250000e+03	5.8457151e-02	1.4655048e-01	1.1416483e+00	6.2928128e-01	5.1236701e-01
1.7500000e+03	6.6023268e-02	1.5185605e-01	1.1754339e+00	6.5374023e-01	5.2169365e-01
1.7750000e+03	7.6020703e-02	1.5974908e-01	1.2172769e+00	6.8465918e-01	5.3261775e-01
1.8000000e+03	8.2012787e-02	1.6437978e-01	1.2447883e+00	7.0440692e-01	5.4038137e-01
1.8250000e+03	8.3085522e-02	1.6559856e-01	1.2529700e+00	7.0957053e-01	5.4339945e-01
1.8500000e+03	8.2419224e-02	1.6664781e-01	1.2576332e+00	7.1123582e-01	5.4639739e-01
1.8750000e+03	8.5516207e-02	1.7207201e-01	1.2852560e+00	7.2814423e-01	5.5711180e-01
1.9000000e+03	8.5403353e-02	1.7363538e-01	1.3102287e+00	7.4051774e-01	5.6971097e-01
1.9250000e+03	7.0317380e-02	1.5878910e-01	1.2849681e+00	7.1280146e-01	5.7216668e-01
1.9500000e+03	6.2339704e-02	1.4857145e-01	1.2731541e+00	6.9891679e-01	5.7423735e-01
1.9750000e+03	6.1139073e-02	1.4427166e-01	1.2736535e+00	6.9796580e-01	5.7568771e-01
2.0000000e+03	6.5640464e-02	1.4637540e-01	1.2903229e+00	7.1080190e-01	5.7952100e-01
