# Force coefficients
# liftDir     : (0.0000000e+00 1.0000000e+00 0.0000000e+00)
# dragDir     : (1.0000000e+00 0.0000000e+00 0.0000000e+00)
# pitchAxis   : (0.0000000e+00 0.0000000e+00 1.0000000e+00)
# magUInf     : 3.6089199e+01
# lRef        : 9.0219998e-01
# Aref        : 6.3155003e-02
# CofR        : (2.2555199e-01 0.0000000e+00 0.0000000e+00)
# Time        	Cm            	Cd            	Cl            	Cl(f)         	Cl(r)         	Cm	Cd	Cl	Cl(f)	Cl(r)
2.0250000e+03	7.3040731e-02	9.9342734e-02	1.2639912e+00	7.0503634e-01	5.5895489e-01
2.0500000e+03	6.9667533e-02	9.5138125e-02	1.2709136e+00	7.0512432e-01	5.6578928e-01
2.0750000e+03	6.3938037e-02	8.9909904e-02	1.2705311e+00	6.9920355e-01	5.7132751e-01
2.1000000e+03	5.9654430e-02	8.5964173e-02	1.2709544e+00	6.9513160e-01	5.7582277e-01
2.1250000e+03	6.1009072e-02	8.5548908e-02	1.2811049e+00	7.0156151e-01	5.7954341e-01
2.1500000e+03	6.4722568e-02	8.6579427e-02	1.2931141e+00	7.1127963e-01	5.8183444e-01
2.1750000e+03	6.6251077e-02	8.6618960e-02	1.2952669e+00	7.1388453e-01	5.8138233e-01
2.2000000e+03	6.9084562e-02	8.9975685e-02	1.3012037e+00	7.1968645e-01	5.8151728e-01
2.2250000e+03	6.6911176e-02	8.9448161e-02	1.2929231e+00	7.1337271e-01	5.7955039e-01
2.2500000e+03	5.9970036e-02	8.3135948e-02	1.2694588e+00	6.9469941e-01	5.7475936e-01
2.2750000e+03	6.1871722e-02	8.4394127e-02	1.2689513e+00	6.9634736e-01	5.7260394e-01
2.3000000e+03	6.8185180e-02	8.9485630e-02	1.2828054e+00	7.0958793e-01	5.7321751e-01
2.3250000e+03	7.4411906e-02	9.5022902e-02	1.3013071e+00	7.2506547e-01	5.7624161e-01
2.3500000e+03	8.0484569e-02	1.0187268e-01	1.3260264e+00	7.4349779e-01	5.8252865e-01
2.3750000e+03	7.9803161e-02	1.0214611e-01	1.3355814e+00	7.4759388e-01	5.8798754e-01
2.4000000e+03	7.4681766e-02	9.6146740e-02	1.3294230e+00	7.3939323e-01	5.9002972e-01
2.4250000e+03	7.5806357e-02	9.4758086e-02	1.3340230e+00	7.4281788e-01	5.9120512e-01
2.4500000e+03	7.7954695e-02	9.4072044e-02	1.3361777e+00	7.4604356e-01	5.9013414e-01
2.4750000e+03	7.9516239e-02	9.4482861e-02	1.3368582e+00	7.4794531e-01	5.8891284e-01
2.5000000e+03	7.8611583e-02	9.5082492e-02	1.3333497e+00	7.4528646e-01	5.8806324e-01
2.5250000e+03	7.2106607e-02	9.0644956e-02	1.3149494e+00	7.2958130e-01	5.8536810e-01
2.5500000e+03	6.7081496e-02	8.6087748e-02	1.2979772e+00	7.1607012e-01	5.8190709e-01
2.5750000e+03	7.0063308e-02	8.8441931e-02	1.3031600e+00	7.2164327e-01	5.8151668e-01
2.6000000e+03	7.5637154e-02	9.3398385e-02	1.3196822e+00	7.3547828e-01	5.8420396e-01
2.6250000e+03	7.8870460e-02	9.6662357e-02	1.3329273e+00	7.4533415e-01	5.8759320e-01
2.6500000e+03	7.7560551e-02	9.5727980e-02	1.3325528e+00	7.4383694e-01	5.8871585e-01
2.6750000e+03	7.2517850e-02	8.8952020e-02	1.3173842e+00	7.3120999e-01	5.8617425e-01
2.7000000e+03	7.5868480e-02	8.8991307e-02	1.3256710e+00	7.3870397e-01	5.8696699e-01
2.7250000e+03	8.1191681e-02	9.1928914e-02	1.3424188e+00	7.5240105e-01	5.9001774e-01
2.7500000e+03	7.6695837e-02	8.8995144e-02	1.3403032e+00	7.4684745e-01	5.9345573e-01
2.7750000e+03	5.9891276e-02	7.8008249e-02	1.3096471e+00	7.1471483e-01	5.9493226e-01
2.8000000e+03	4.2809434e-02	6.6477291e-02	1.2721137e+00	6.7886627e-01	5.9324741e-01
2.8250000e+03	3.2630447e-02	5.6695212e-02	1.2453877e+00	6.5532428e-01	5.9006339e-01
2.8500000e+03	4.2413395e-02	6.3657336e-02	1.2685622e+00	6.7669451e-01	5.9186769e-01
2.8750000e+03	5.7191078e-02	7.5186148e-02	1.3080838e+00	7.1123296e-01	5.9685081e-01
2.9000000e+03	7.1520366e-02	8.7292708e-02	1.3523281e+00	7.4768442e-01	6.0464364e-01
2.9250000e+03	7.9934642e-02	9.5426977e-02	1.3845482e+00	7.7220875e-01	6.1233944e-01
2.9500000e+03	7.1765408e-02	8.9518473e-02	1.3719065e+00	7.5771868e-01	6.1418784e-01
2.9750000e+03	5.8612417e-02	7.8534350e-02	1.3457489e+00	7.3148686e-01	6.1426204e-01
3.0000000e+03	5.5623300e-02	7.5411335e-02	1.3433920e+00	7.2731930e-01	6.1607271e-01
3.0250000e+03	5.7286743e-02	7.6174334e-02	1.3502496e+00	7.3241156e-01	6.1783808e-01
3.0500000e+03	5.9520733e-02	7.8202836e-02	1.3591495e+00	7.3909545e-01	6.2005401e-01
3.0750000e+03	5.9008822e-02	7.8134030e-02	1.3652935e+00	7.4165559e-01	6.2363791e-01
3.1000000e+03	5.6659579e-02	7.7868640e-02	1.3664426e+00	7.3988086e-01	6.2656170e-01
3.1250000e+03	5.6873973e-02	7.8920051e-02	1.3737273e+00	7.4373764e-01	6.2998968e-01
3.1500000e+03	5.5847965e-02	7.6465070e-02	1.3746912e+00	7.4319357e-01	6.3149768e-01
3.1750000e+03	5.9603158e-02	7.8728810e-02	1.3888413e+00	7.5402379e-01	6.3481748e-01
3.2000000e+03	6.0765818e-02	7.9642870e-02	1.3998374e+00	7.6068449e-01	6.3915288e-01
3.2250000e+03	5.7866327e-02	7.7325135e-02	1.3985639e+00	7.5714827e-01	6.4141560e-01
3.2500000e+03	5.7615291e-02	7.7333495e-02	1.4044169e+00	7.5982374e-01	6.4459318e-01
3.2750000e+03	5.6285828e-02	7.4949361e-02	1.4066888e+00	7.5963020e-01	6.4705861e-01
3.3000000e+03	5.7785939e-02	7.5366393e-02	1.4162860e+00	7.6592892e-01	6.5035707e-01
3.3250000e+03	5.9585340e-02	7.6880030e-02	1.4288335e+00	7.7400208e-01	6.5483141e-01
3.3500000e+03	6.3019693e-02	8.0344260e-02	1.4469231e+00	7.8648126e-01	6.6044188e-01
3.3750000e+03	6.2982008e-02	7.9836994e-02	1.4508659e+00	7.8841496e-01	6.6245091e-01
3.4000000e+03	6.1118517e-02	7.6462053e-02	1.4478272e+00	7.8503215e-01	6.6279507e-01
3.4250000e+03	5.9975784e-02	7.3890001e-02	1.4451225e+00	7.8253704e-01	6.6258544e-01
3.4500000e+03	6.0557999e-02	7.3558368e-02	1.4483063e+00	7.8471118e-01	6.6359514e-01
3.4750000e+03	6.6096969e-02	7.8712083e-02	1.4713736e+00	8.0178374e-01	6.6958982e-01
3.5000000e+03	6.8578266e-02	8.0731511e-02	1.4873779e+00	8.1226718e-01	6.7511070e-01
3.5250000e+03	6.7950971e-02	7.9340138e-02	1.4929676e+00	8.1443477e-01	6.7853284e-01
3.5500000e+03	6.5818705e-02	7.6380536e-02	1.4909868e+00	8.1131214e-01	6.7967469e-01
3.5750000e+03	6.5253012e-02	7.5158320e-02	1.4924544e+00	8.1148022e-01	6.8097419e-01
3.6000000e+03	6.5794796e-02	7.5457416e-02	1.5018595e+00	8.1672454e-01	6.8513501e-01
3.6250000e+03	6.4883806e-02	7.3978618e-02	1.5079483e+00	8.1885797e-01	6.8909031e-01
3.6500000e+03	6.3963950e-02	7.2033860e-02	1.5122534e+00	8.2009065e-01	6.9216275e-01
3.6750000e+03	6.3213103e-02	6.9836535e-02	1.5118341e+00	8.1913018e-01	6.9270396e-01
3.7000000e+03	6.4093143e-02	6.9652393e-02	1.5149852e+00	8.2158577e-01	6.9339943e-01
3.7250000e+03	6.5976150e-02	7.0727892e-02	1.5215704e+00	8.2676136e-01	6.9480908e-01
3.7500000e+03	6.8820670e-02	7.3006399e-02	1.5318282e+00	8.3473474e-01	6.9709343e-01
3.7750000e+03	7.1376674e-02	7.5006835e-02	1.5420014e+00	8.4237736e-01	6.9962400e-01
3.8000000e+03	7.0711486e-02	7.3600009e-02	1.5424260e+00	8.4192449e-01	7.0050150e-01
3.8250000e+03	6.9209725e-02	7.1265645e-02	1.5428512e+00	8.4063530e-01	7.0221591e-01
3.8500000e+03	6.8050720e-02	6.9495432e-02	1.5476887e+00	8.4189510e-01	7.0579362e-01
3.8750000e+03	6.5750793e-02	6.7035727e-02	1.5496788e+00	8.4059018e-01	7.0908862e-01
3.9000000e+03	6.2524110e-02	6.3634671e-02	1.5460439e+00	8.3554602e-01	7.1049786e-01
3.9250000e+03	6.0793497e-02	6.1410151e-02	1.5430746e+00	8.3233082e-01	7.1074378e-01
3.9500000e+03	6.2410671e-02	6.2410064e-02	1.5498868e+00	8.3735406e-01	7.1253276e-01
3.9750000e+03	6.4949229e-02	6.4222842e-02	1.5589755e+00	8.4443694e-01	7.1453851e-01
4.0000000e+03	6.7260668e-02	6.5716125e-02	1.5663419e+00	8.5043162e-01	7.1591026e-01
4.0250000e+03	6.8549506e-02	6.6269986e-02	1.5694841e+00	8.5329157e-01	7.1619254e-01
4.0500000e+03	6.9540605e-02	6.6816516e-02	1.5736173e+00	8.5634929e-01	7.1726805e-01
4.0750000e+03	6.9875754e-02	6.6808015e-02	1.5775309e+00	8.5864121e-01	7.1888965e-01
4.1000000e+03	6.9690302e-02	6.6250965e-02	1.5802947e+00	8.5983765e-01	7.2045708e-01
4.1250000e+03	6.8735182e-02	6.5064840e-02	1.5801758e+00	8.5882306e-01	7.2135270e-01
4.1500000e+03	6.8051778e-02	6.4194299e-02	1.5810207e+00	8.5856211e-01	7.2245860e-01
4.1750000e+03	6.8274640e-02	6.4019382e-02	1.5837983e+00	8.6017376e-01	7.2362453e-01
4.2000000e+03	6.9391057e-02	6.4533941e-02	1.5881865e+00	8.6348432e-01	7.2470218e-01
4.2250000e+03	7.0573777e-02	6.5117404e-02	1.5922717e+00	8.6670959e-01	7.2556210e-01
4.2500000e+03	7.1624734e-02	6.5646380e-02	1.5967290e+00	8.6998928e-01	7.2673976e-01
4.2750000e+03	7.2228357e-02	6.5759778e-02	1.5997127e+00	8.7208474e-01	7.2762799e-01
4.3000000e+03	7.2542310e-02	6.5627582e-02	1.6020705e+00	8.7357754e-01	7.2849292e-01
4.3250000e+03	7.2570384e-02	6.5226525e-02	1.6040815e+00	8.7461114e-01	7.2947037e-01
4.3500000e+03	7.2673626e-02	6.4938009e-02	1.6066028e+00	8.7597501e-01	7.3062778e-01
4.3750000e+03	7.2166666e-02	6.4142928e-02	1.6071361e+00	8.7573475e-01	7.3140138e-01
4.4000000e+03	7.1702436e-02	6.3435614e-02	1.6079007e+00	8.7565279e-01	7.3224795e-01
4.4250000e+03	7.1380496e-02	6.2832981e-02	1.6088331e+00	8.7579703e-01	7.3303604e-01
4.4500000e+03	7.1203820e-02	6.2344167e-02	1.6098360e+00	8.7612182e-01	7.3371416e-01
4.4750000e+03	7.1031108e-02	6.1838150e-02	1.6103384e+00	8.7620032e-01	7.3413813e-01
4.5000000e+03	7.1180463e-02	6.1715163e-02	1.6121920e+00	8.7727648e-01	7.3491555e-01
