# Force coefficients
# liftDir     : (0.0000000e+00 1.0000000e+00 0.0000000e+00)
# dragDir     : (1.0000000e+00 0.0000000e+00 0.0000000e+00)
# pitchAxis   : (0.0000000e+00 0.0000000e+00 1.0000000e+00)
# magUInf     : 3.6089199e+01
# lRef        : 9.0219998e-01
# Aref        : 6.3155003e-02
# CofR        : (2.2555199e-01 0.0000000e+00 0.0000000e+00)
# Time        	Cm            	Cd            	Cl            	Cl(f)         	Cl(r)         	Cm	Cd	Cl	Cl(f)	Cl(r)
2.5000000e+01	-3.5787497e-02	1.2634230e-01	6.8964934e-01	3.0903718e-01	3.8061216e-01
5.0000000e+01	6.5947786e-02	1.9186477e-01	9.7177303e-01	5.5183429e-01	4.1993874e-01
7.5000000e+01	1.3257459e-01	2.4551433e-01	1.1518813e+00	7.0851529e-01	4.4336608e-01
1.0000000e+02	1.1851973e-01	2.3687451e-01	1.1675631e+00	7.0230126e-01	4.6526182e-01
1.2500000e+02	1.1305813e-01	2.3273496e-01	1.1955078e+00	7.1081203e-01	4.8469573e-01
1.5000000e+02	1.1371806e-01	2.3375684e-01	1.2333938e+00	7.3041493e-01	5.0297886e-01
1.7500000e+02	1.1414491e-01	2.3412004e-01	1.2690561e+00	7.4867296e-01	5.2038312e-01
2.0000000e+02	1.1549482e-01	2.3503546e-01	1.3063898e+00	7.6868975e-01	5.3770006e-01
2.2500000e+02	1.1756580e-01	2.3629098e-01	1.3453050e+00	7.9021829e-01	5.5508667e-01
2.5000000e+02	1.2077929e-01	2.3831303e-01	1.3877518e+00	8.1465518e-01	5.7309663e-01
2.7500000e+02	1.2811857e-01	2.4471985e-01	1.4425812e+00	8.4940916e-01	5.9317201e-01
3.0000000e+02	1.3429542e-01	2.4974498e-01	1.4965986e+00	8.8259470e-01	6.1400390e-01
3.2500000e+02	1.3471319e-01	2.4732146e-01	1.5355840e+00	9.0250516e-01	6.3307881e-01
3.5000000e+02	1.3553615e-01	2.4439058e-01	1.5749178e+00	9.2299503e-01	6.5192276e-01
3.7500000e+02	1.3701127e-01	2.4157111e-01	1.6149967e+00	9.4450963e-01	6.7048705e-01
4.0000000e+02	1.3835642e-01	2.3812699e-01	1.6541852e+00	9.6544898e-01	6.8873620e-01
4.2500000e+02	1.3903795e-01	2.3342173e-01	1.6899740e+00	9.8402494e-01	7.0594901e-01
4.5000000e+02	1.3953276e-01	2.2816649e-01	1.7241784e+00	1.0016220e+00	7.2255647e-01
4.7500000e+02	1.3958479e-01	2.2205864e-01	1.7552249e+00	1.0171973e+00	7.3802769e-01
5.0000000e+02	1.3963979e-01	2.1579182e-01	1.7851145e+00	1.0321970e+00	7.5291747e-01
5.2500000e+02	1.3925312e-01	2.0894262e-01	1.8122267e+00	1.0453664e+00	7.6686019e-01
5.5000000e+02	1.3876735e-01	2.0196532e-01	1.8383453e+00	1.0579400e+00	7.8040528e-01
5.7500000e+02	1.3785616e-01	1.9449179e-01	1.8621166e+00	1.0689144e+00	7.9320216e-01
6.0000000e+02	1.3698643e-01	1.8710819e-01	1.8851103e+00	1.0795416e+00	8.0556870e-01
6.2500000e+02	1.3596629e-01	1.7965378e-01	1.9063388e+00	1.0891356e+00	8.1720310e-01
6.5000000e+02	1.3535975e-01	1.7289488e-01	1.9279510e+00	1.0993352e+00	8.2861573e-01
6.7500000e+02	1.3554399e-01	1.6735625e-01	1.9513646e+00	1.1112263e+00	8.4013832e-01
7.0000000e+02	1.3709304e-01	1.6382757e-01	1.9794486e+00	1.1268173e+00	8.5263121e-01
7.2500000e+02	1.3730040e-01	1.5879475e-01	2.0012512e+00	1.1379260e+00	8.6332524e-01
7.5000000e+02	1.3443641e-01	1.5015769e-01	2.0091047e+00	1.1389887e+00	8.7011594e-01
7.7500000e+02	1.3078567e-01	1.4091967e-01	2.0110221e+00	1.1362967e+00	8.7472534e-01
8.0000000e+02	1.2895769e-01	1.3452333e-01	2.0184214e+00	1.1381683e+00	8.8025302e-01
8.2500000e+02	1.2710439e-01	1.2868814e-01	2.0242476e+00	1.1392282e+00	8.8501942e-01
8.5000000e+02	1.2524636e-01	1.2346812e-01	2.0287631e+00	1.1396279e+00	8.8913518e-01
8.7500000e+02	1.2331410e-01	1.1872548e-01	2.0319216e+00	1.1392750e+00	8.9264673e-01
9.0000000e+02	1.2170844e-01	1.1484378e-01	2.0354285e+00	1.1394227e+00	8.9600581e-01
9.2500000e+02	1.2034013e-01	1.1152909e-01	2.0388737e+00	1.1397769e+00	8.9909673e-01
9.5000000e+02	1.1938924e-01	1.0891517e-01	2.0433156e+00	1.1410470e+00	9.0226859e-01
9.7500000e+02	1.1858366e-01	1.0651059e-01	2.0476720e+00	1.1424197e+00	9.0525234e-01
1.0000000e+03	1.1797696e-01	1.0432083e-01	2.0523241e+00	1.1441389e+00	9.0818506e-01
1.0250000e+03	1.1701217e-01	1.0174523e-01	2.0552402e+00	1.1446322e+00	9.1060793e-01
1.0500000e+03	1.1543515e-01	9.8713301e-02	2.0556402e+00	1.1432552e+00	9.1238499e-01
1.0750000e+03	1.1302940e-01	9.4979145e-02	2.0515802e+00	1.1388195e+00	9.1276067e-01
1.1000000e+03	1.1042928e-01	9.1391072e-02	2.0442412e+00	1.1325499e+00	9.1169131e-01
1.1250000e+03	1.0758101e-01	8.8166572e-02	2.0335715e+00	1.1243668e+00	9.0920472e-01
1.1500000e+03	1.0468914e-01	8.5512154e-02	2.0211003e+00	1.1152393e+00	9.0586102e-01
1.1750000e+03	1.0219752e-01	8.3484299e-02	2.0079119e+00	1.1061535e+00	9.0175843e-01
1.2000000e+03	1.0098975e-01	8.2542181e-02	1.9968055e+00	1.0993925e+00	8.9741302e-01
1.2250000e+03	1.0042908e-01	8.1827722e-02	1.9860429e+00	1.0934505e+00	8.9259237e-01
1.2500000e+03	1.0063802e-01	8.1594214e-02	1.9765402e+00	1.0889081e+00	8.8763207e-01
1.2750000e+03	1.0118280e-01	8.1532344e-02	1.9671406e+00	1.0847530e+00	8.8238746e-01
1.3000000e+03	1.0275491e-01	8.2455091e-02	1.9600103e+00	1.0827601e+00	8.7725025e-01
1.3250000e+03	1.0377484e-01	8.2789637e-02	1.9513704e+00	1.0794600e+00	8.7191033e-01
1.3500000e+03	1.0552382e-01	8.3689146e-02	1.9438114e+00	1.0774295e+00	8.6638188e-01
1.3750000e+03	1.0832614e-01	8.5154638e-02	1.9365115e+00	1.0765820e+00	8.5992962e-01
1.4000000e+03	1.1327903e-01	8.8484429e-02	1.9328644e+00	1.0797112e+00	8.5315317e-01
1.4250000e+03	1.1896914e-01	9.2595160e-02	1.9294508e+00	1.0836945e+00	8.4575623e-01
1.4500000e+03	1.2200493e-01	9.5029257e-02	1.9199542e+00	1.0819820e+00	8.3797216e-01
1.4750000e+03	1.1726200e-01	9.1392182e-02	1.8934480e+00	1.0639859e+00	8.2946199e-01
1.5000000e+03	1.0933529e-01	8.4613085e-02	1.8578891e+00	1.0382798e+00	8.1960922e-01
1.5250000e+03	1.1080687e-01	8.5303120e-02	1.8394843e+00	1.0305490e+00	8.0893528e-01
1.5500000e+03	1.1711545e-01	8.9807995e-02	1.8304366e+00	1.0323337e+00	7.9810286e-01
1.5750000e+03	1.3091229e-01	9.9958494e-02	1.8362838e+00	1.0490541e+00	7.8722960e-01
1.6000000e+03	1.6331705e-01	1.2722234e-01	1.8839449e+00	1.1052895e+00	7.7865541e-01
1.6250000e+03	1.9873685e-01	1.6054295e-01	1.9484963e+00	1.1729851e+00	7.7551132e-01
1.6500000e+03	1.9851625e-01	1.6562966e-01	1.9426321e+00	1.1698322e+00	7.7279979e-01
1.6750000e+03	1.4155003e-01	1.2493584e-01	1.8057834e+00	1.0444417e+00	7.6134169e-01
1.7000000e+03	7.5435907e-02	7.3030062e-02	1.6376108e+00	8.9424133e-01	7.4336946e-01
1.7250000e+03	3.7023626e-02	3.8182892e-02	1.5191692e+00	7.9660821e-01	7.2256100e-01
1.7500000e+03	1.6401356e-02	1.7766075e-02	1.4417225e+00	7.3726261e-01	7.0445991e-01
1.7750000e+03	1.8292407e-02	1.9622521e-02	1.4250712e+00	7.3082805e-01	6.9424319e-01
1.8000000e+03	5.1892579e-02	5.1938172e-02	1.4923445e+00	7.9806483e-01	6.9427967e-01
1.8250000e+03	7.4477680e-02	7.6395907e-02	1.5529429e+00	8.5094911e-01	7.0199376e-01
1.8500000e+03	8.9185581e-02	9.4120011e-02	1.6030751e+00	8.9072317e-01	7.1235198e-01
1.8750000e+03	1.0910847e-01	1.1531430e-01	1.6625396e+00	9.4037825e-01	7.2216135e-01
1.9000000e+03	1.3551784e-01	1.3959593e-01	1.7293845e+00	1.0002100e+00	7.2917444e-01
1.9250000e+03	1.6083850e-01	1.5909223e-01	1.7815527e+00	1.0516149e+00	7.2993785e-01
1.9500000e+03	1.7209141e-01	1.6885690e-01	1.7978605e+00	1.0710217e+00	7.2683883e-01
1.9750000e+03	1.4186348e-01	1.4857961e-01	1.7229927e+00	1.0033598e+00	7.1963286e-01
2.0000000e+03	8.1776187e-02	1.0216588e-01	1.5776228e+00	8.7058759e-01	7.0703518e-01
2.0250000e+03	4.3727551e-02	7.1651764e-02	1.4807956e+00	7.8412539e-01	6.9667023e-01
2.0500000e+03	3.4922592e-02	6.5059640e-02	1.4532351e+00	7.6154017e-01	6.9169497e-01
2.0750000e+03	4.7311038e-02	7.6939069e-02	1.4784642e+00	7.8654313e-01	6.9192111e-01
2.1000000e+03	6.8396583e-02	9.6181586e-02	1.5244766e+00	8.3063489e-01	6.9384176e-01
2.1250000e+03	9.4500825e-02	1.1952994e-01	1.5834169e+00	8.8620931e-01	6.9720763e-01
2.1500000e+03	1.2319632e-01	1.4693032e-01	1.6532905e+00	9.4984156e-01	7.0344895e-01
2.1750000e+03	1.4118697e-01	1.6538674e-01	1.7010221e+00	9.9169803e-01	7.0932412e-01
2.2000000e+03	1.4165829e-01	1.6922244e-01	1.7116789e+00	9.9749774e-01	7.1418113e-01
2.2250000e+03	1.1974846e-01	1.4992166e-01	1.6671883e+00	9.5334262e-01	7.1384567e-01
2.2500000e+03	9.2412837e-02	1.2456520e-01	1.6044011e+00	8.9461339e-01	7.0978773e-01
2.2750000e+03	7.6924451e-02	1.1180200e-01	1.5699514e+00	8.6190015e-01	7.0805126e-01
2.3000000e+03	7.1438067e-02	1.0640593e-01	1.5550717e+00	8.4897393e-01	7.0609778e-01
2.3250000e+03	7.4265160e-02	1.0711070e-01	1.5542498e+00	8.5139006e-01	7.0285970e-01
2.3500000e+03	8.4337175e-02	1.1505024e-01	1.5733918e+00	8.7103307e-01	7.0235872e-01
2.3750000e+03	9.3626231e-02	1.2283545e-01	1.5927787e+00	8.9001560e-01	7.0276308e-01
2.4000000e+03	1.0033589e-01	1.3013497e-01	1.6091570e+00	9.0491438e-01	7.0424259e-01
2.4250000e+03	9.5145583e-02	1.2719858e-01	1.5987602e+00	8.9452571e-01	7.0423454e-01
2.4500000e+03	7.6081984e-02	1.1184126e-01	1.5577241e+00	8.5494405e-01	7.0278007e-01
2.4750000e+03	4.9319360e-02	8.6625069e-02	1.4987259e+00	7.9868233e-01	7.0004356e-01
2.5000000e+03	4.5557085e-02	8.2986690e-02	1.4975713e+00	7.9434276e-01	7.0322859e-01
2.5250000e+03	5.3204313e-02	8.8535003e-02	1.5197355e+00	8.1307203e-01	7.0666343e-01
2.5500000e+03	6.8425760e-02	1.0122728e-01	1.5649076e+00	8.5087955e-01	7.1402800e-01
2.5750000e+03	8.3886631e-02	1.1425402e-01	1.6137952e+00	8.9078420e-01	7.2301096e-01
2.6000000e+03	9.5152028e-02	1.2391715e-01	1.6537192e+00	9.2201161e-01	7.3170757e-01
2.6250000e+03	9.9892601e-02	1.2937938e-01	1.6777009e+00	9.3874305e-01	7.3895782e-01
2.6500000e+03	8.5146271e-02	1.1488675e-01	1.6399139e+00	9.0510321e-01	7.3481071e-01
2.6750000e+03	6.0340598e-02	9.0556286e-02	1.5796645e+00	8.5017282e-01	7.2949165e-01
2.7000000e+03	4.6485268e-02	7.7527888e-02	1.5436190e+00	8.1829476e-01	7.2532427e-01
2.7250000e+03	4.7454171e-02	7.8401014e-02	1.5412430e+00	8.1807566e-01	7.2316730e-01
2.7500000e+03	5.5448692e-02	8.6081900e-02	1.5573502e+00	8.3412379e-01	7.2322637e-01
2.7750000e+03	6.5847173e-02	9.6587300e-02	1.5842091e+00	8.5795170e-01	7.2625738e-01
2.8000000e+03	7.4743785e-02	1.0639963e-01	1.6145359e+00	8.8201177e-01	7.3252416e-01
2.8250000e+03	8.1813633e-02	1.1611146e-01	1.6479194e+00	9.0577334e-01	7.4214607e-01
2.8500000e+03	7.7678315e-02	1.1459985e-01	1.6574320e+00	9.0639430e-01	7.5103766e-01
2.8750000e+03	6.1893076e-02	9.8645449e-02	1.6317108e+00	8.7774849e-01	7.5396228e-01
2.9000000e+03	4.7450811e-02	7.9320580e-02	1.5930232e+00	8.4396243e-01	7.4906075e-01
2.9250000e+03	5.3895324e-02	8.1684746e-02	1.6087943e+00	8.5829246e-01	7.5050187e-01
2.9500000e+03	6.5534614e-02	9.0625517e-02	1.6366038e+00	8.8383651e-01	7.5276732e-01
2.9750000e+03	7.3318243e-02	9.8324358e-02	1.6560464e+00	9.0134144e-01	7.5470495e-01
3.0000000e+03	7.6466575e-02	1.0496753e-01	1.6675696e+00	9.1025138e-01	7.5731826e-01
3.0250000e+03	7.2097026e-02	1.0569864e-01	1.6635382e+00	9.0386611e-01	7.5967211e-01
3.0500000e+03	6.4367287e-02	1.0071746e-01	1.6501591e+00	8.8944685e-01	7.6071227e-01
3.0750000e+03	6.0047958e-02	9.4403669e-02	1.6372466e+00	8.7867129e-01	7.5857532e-01
3.1000000e+03	6.4170755e-02	9.5244654e-02	1.6414964e+00	8.8491899e-01	7.5657743e-01
3.1250000e+03	7.2144456e-02	1.0137837e-01	1.6640713e+00	9.0418011e-01	7.5989121e-01
3.1500000e+03	7.3531821e-02	1.0301422e-01	1.6769627e+00	9.1201317e-01	7.6494956e-01
3.1750000e+03	6.9545455e-02	1.0134324e-01	1.6791065e+00	9.0909868e-01	7.7000779e-01
3.2000000e+03	6.5502957e-02	9.8580860e-02	1.6779200e+00	9.0446293e-01	7.7345705e-01
3.2250000e+03	6.4345039e-02	9.5518008e-02	1.6772966e+00	9.0299338e-01	7.7430326e-01
3.2500000e+03	7.3124632e-02	1.0263575e-01	1.6998110e+00	9.2303014e-01	7.7678084e-01
3.2750000e+03	8.1759073e-02	1.1061075e-01	1.7238978e+00	9.4370800e-01	7.8018981e-01
3.3000000e+03	7.9817951e-02	1.0810426e-01	1.7179699e+00	9.3880290e-01	7.7916700e-01
3.3250000e+03	7.7795938e-02	1.0632366e-01	1.7154821e+00	9.3553698e-01	7.7994514e-01
3.3500000e+03	7.8393728e-02	1.0556648e-01	1.7205890e+00	9.3868828e-01	7.8190076e-01
3.3750000e+03	8.0046944e-02	1.0384501e-01	1.7243217e+00	9.4220781e-01	7.8211391e-01
3.4000000e+03	8.5196398e-02	1.0723689e-01	1.7388364e+00	9.5461458e-01	7.8422183e-01
3.4250000e+03	8.5636303e-02	1.0784928e-01	1.7441624e+00	9.5771754e-01	7.8644490e-01
3.4500000e+03	8.3962850e-02	1.0771922e-01	1.7455537e+00	9.5673972e-01	7.8881401e-01
3.4750000e+03	7.9168178e-02	1.0238342e-01	1.7312160e+00	9.4477618e-01	7.8643978e-01
3.5000000e+03	7.7875257e-02	9.8684803e-02	1.7274673e+00	9.4160891e-01	7.8585839e-01
3.5250000e+03	7.9743162e-02	9.8374017e-02	1.7340668e+00	9.4677657e-01	7.8729028e-01
3.5500000e+03	8.0031618e-02	9.7961642e-02	1.7414086e+00	9.5073593e-01	7.9067266e-01
3.5750000e+03	7.7963084e-02	9.6470378e-02	1.7455671e+00	9.5074666e-01	7.9482043e-01
3.6000000e+03	7.4793063e-02	9.3144484e-02	1.7439520e+00	9.4676906e-01	7.9718298e-01
3.6250000e+03	7.0386738e-02	8.6368233e-02	1.7299207e+00	9.3534708e-01	7.9457366e-01
3.6500000e+03	7.0328295e-02	8.4552430e-02	1.7247190e+00	9.3268782e-01	7.9203123e-01
3.6750000e+03	7.2862662e-02	8.7119132e-02	1.7304500e+00	9.3808770e-01	7.9236233e-01
3.7000000e+03	7.5037487e-02	9.0462312e-02	1.7387550e+00	9.4441497e-01	7.9434001e-01
3.7250000e+03	7.5235359e-02	9.1269828e-02	1.7414119e+00	9.4594133e-01	7.9547060e-01
3.7500000e+03	7.3735192e-02	8.8184088e-02	1.7357577e+00	9.4161403e-01	7.9414368e-01
3.7750000e+03	7.2569579e-02	8.4937923e-02	1.7268151e+00	9.3597710e-01	7.9083800e-01
3.8000000e+03	7.2213389e-02	8.4406927e-02	1.7255166e+00	9.3497169e-01	7.9054487e-01
3.8250000e+03	6.9716252e-02	8.3541341e-02	1.7227055e+00	9.3106902e-01	7.9163647e-01
3.8500000e+03	6.7672618e-02	8.3797224e-02	1.7221303e+00	9.2873776e-01	7.9339254e-01
3.8750000e+03	6.5266587e-02	8.0957346e-02	1.7163998e+00	9.2346650e-01	7.9293329e-01
3.9000000e+03	6.7021139e-02	8.0357872e-02	1.7149227e+00	9.2448246e-01	7.9044020e-01
3.9250000e+03	7.2226055e-02	8.3821714e-02	1.7236297e+00	9.3404090e-01	7.8958881e-01
3.9500000e+03	7.6135173e-02	8.8035636e-02	1.7346792e+00	9.4347477e-01	7.9120445e-01
3.9750000e+03	7.3641688e-02	8.7472618e-02	1.7321628e+00	9.3972313e-01	7.9243970e-01
4.0000000e+03	6.7979924e-02	8.2914799e-02	1.7199179e+00	9.2793888e-01	7.9197901e-01
4.0250000e+03	6.2639013e-02	7.6737121e-02	1.7034776e+00	9.1437781e-01	7.8909981e-01
4.0500000e+03	6.3680433e-02	7.7161521e-02	1.7040013e+00	9.1568106e-01	7.8832024e-01
4.0750000e+03	6.5594219e-02	7.9429887e-02	1.7098535e+00	9.2052096e-01	7.8933257e-01
4.1000000e+03	6.4432137e-02	8.0038860e-02	1.7103759e+00	9.1962010e-01	7.9075581e-01
4.1250000e+03	6.3308984e-02	8.1013761e-02	1.7094053e+00	9.1801167e-01	7.9139364e-01
4.1500000e+03	6.3924178e-02	8.1057958e-02	1.7068866e+00	9.1736752e-01	7.8951913e-01
4.1750000e+03	6.8789616e-02	8.3495758e-02	1.7127290e+00	9.2515409e-01	7.8757489e-01
4.2000000e+03	7.7190571e-02	9.0806380e-02	1.7305317e+00	9.4245642e-01	7.8807527e-01
4.2250000e+03	7.9311229e-02	9.3685031e-02	1.7373881e+00	9.4800532e-01	7.8938282e-01
4.2500000e+03	7.6299995e-02	9.2933528e-02	1.7337060e+00	9.4315302e-01	7.9055297e-01
4.2750000e+03	7.2675787e-02	9.0480573e-02	1.7244070e+00	9.3487924e-01	7.8952771e-01
4.3000000e+03	6.8804704e-02	8.4682010e-02	1.7101282e+00	9.2386878e-01	7.8625941e-01
4.3250000e+03	7.4678496e-02	8.9389414e-02	1.7217478e+00	9.3555236e-01	7.8619540e-01
4.3500000e+03	7.8590222e-02	9.3486436e-02	1.7322198e+00	9.4470012e-01	7.8751969e-01
4.3750000e+03	7.6781578e-02	9.3631737e-02	1.7311265e+00	9.4234484e-01	7.8878170e-01
4.4000000e+03	7.3889457e-02	9.2508838e-02	1.7254894e+00	9.3663412e-01	7.8885525e-01
4.4250000e+03	7.3369250e-02	9.0876788e-02	1.7197080e+00	9.3322325e-01	7.8648472e-01
4.4500000e+03	7.5936161e-02	9.0972923e-02	1.7212734e+00	9.3657285e-01	7.8470057e-01
4.4750000e+03	7.9532579e-02	9.3938477e-02	1.7293780e+00	9.4422156e-01	7.8515643e-01
4.5000000e+03	7.6243721e-02	9.2266597e-02	1.7257916e+00	9.3913949e-01	7.8665209e-01
