# Force coefficients
# liftDir     : (0.0000000e+00 1.0000000e+00 0.0000000e+00)
# dragDir     : (1.0000000e+00 0.0000000e+00 0.0000000e+00)
# pitchAxis   : (0.0000000e+00 0.0000000e+00 1.0000000e+00)
# magUInf     : 9.0551201e+01
# lRef        : 9.0219998e-01
# Aref        : 4.5109998e-02
# CofR        : (2.2555199e-01 0.0000000e+00 0.0000000e+00)
# Time        	Cm            	Cd            	Cl            	Cl(f)         	Cl(r)         	Cm	Cd	Cl	Cl(f)	Cl(r)
2.0250000e+03	1.1620983e-01	1.4855386e-02	7.0913905e-01	4.7077936e-01	2.3835969e-01
2.0500000e+03	1.1610230e-01	1.4539115e-02	7.1050692e-01	4.7135577e-01	2.3915115e-01
2.0750000e+03	1.1607466e-01	1.4430580e-02	7.1148688e-01	4.7181809e-01	2.3966879e-01
2.1000000e+03	1.1603942e-01	1.4381995e-02	7.1202070e-01	4.7204977e-01	2.3997092e-01
2.1250000e+03	1.1599483e-01	1.4344821e-02	7.1239531e-01	4.7219250e-01	2.4020281e-01
2.1500000e+03	1.1594849e-01	1.4306672e-02	7.1268427e-01	4.7229064e-01	2.4039364e-01
2.1750000e+03	1.1587939e-01	1.4272312e-02	7.1287847e-01	4.7231862e-01	2.4055985e-01
2.2000000e+03	1.1579327e-01	1.4218574e-02	7.1307468e-01	4.7233060e-01	2.4074408e-01
2.2250000e+03	1.1567144e-01	1.4155980e-02	7.1320957e-01	4.7227621e-01	2.4093334e-01
2.2500000e+03	1.1555509e-01	1.4073723e-02	7.1351856e-01	4.7231436e-01	2.4120420e-01
2.2750000e+03	1.1540294e-01	1.3967052e-02	7.1378303e-01	4.7229445e-01	2.4148858e-01
2.3000000e+03	1.1524420e-01	1.3852696e-02	7.1395391e-01	4.7222117e-01	2.4173275e-01
2.3250000e+03	1.1505762e-01	1.3753873e-02	7.1386021e-01	4.7198772e-01	2.4187249e-01
2.3500000e+03	1.1487004e-01	1.3667765e-02	7.1361572e-01	4.7167790e-01	2.4193782e-01
2.3750000e+03	1.1467066e-01	1.3601298e-02	7.1320236e-01	4.7127184e-01	2.4193051e-01
2.4000000e+03	1.1448820e-01	1.3540021e-02	7.1277195e-01	4.7087419e-01	2.4189778e-01
2.4250000e+03	1.1430111e-01	1.3486629e-02	7.1226662e-01	4.7043443e-01	2.4183220e-01
2.4500000e+03	1.1412720e-01	1.3432699e-02	7.1179450e-01	4.7002447e-01	2.4177004e-01
2.4750000e+03	1.1393076e-01	1.3380864e-02	7.1125865e-01	4.6956009e-01	2.4169856e-01
2.5000000e+03	1.1373929e-01	1.3326788e-02	7.1076864e-01	4.6912360e-01	2.4164504e-01
2.5250000e+03	1.1356805e-01	1.3290057e-02	7.1030629e-01	4.6872121e-01	2.4158509e-01
2.5500000e+03	1.1348748e-01	1.3276599e-02	7.1005481e-01	4.6851489e-01	2.4153993e-01
2.5750000e+03	1.1349668e-01	1.3295638e-02	7.0996428e-01	4.6847883e-01	2.4148545e-01
2.6000000e+03	1.1357539e-01	1.3325736e-02	7.1003950e-01	4.6859515e-01	2.4144435e-01
2.6250000e+03	1.1362399e-01	1.3352097e-02	7.1003306e-01	4.6864051e-01	2.4139254e-01
2.6500000e+03	1.1362253e-01	1.3358006e-02	7.0996064e-01	4.6860284e-01	2.4135779e-01
2.6750000e+03	1.1354677e-01	1.3350199e-02	7.0972353e-01	4.6840852e-01	2.4131499e-01
2.7000000e+03	1.1347520e-01	1.3338484e-02	7.0951974e-01	4.6823508e-01	2.4128467e-01
2.7250000e+03	1.1343964e-01	1.3344790e-02	7.0935982e-01	4.6811956e-01	2.4124026e-01
2.7500000e+03	1.1345210e-01	1.3356359e-02	7.0933080e-01	4.6811751e-01	2.4121329e-01
2.7750000e+03	1.1344279e-01	1.3364783e-02	7.0925045e-01	4.6806800e-01	2.4118243e-01
2.8000000e+03	1.1341473e-01	1.3357311e-02	7.0917857e-01	4.6800402e-01	2.4117455e-01
2.8250000e+03	1.1335224e-01	1.3345094e-02	7.0902634e-01	4.6786541e-01	2.4116093e-01
2.8500000e+03	1.1329864e-01	1.3328580e-02	7.0892501e-01	4.6776116e-01	2.4116386e-01
2.8750000e+03	1.1324655e-01	1.3318576e-02	7.0880306e-01	4.6764809e-01	2.4115498e-01
2.9000000e+03	1.1322100e-01	1.3308957e-02	7.0876205e-01	4.6760201e-01	2.4116002e-01
2.9250000e+03	1.1318158e-01	1.3300711e-02	7.0866966e-01	4.6751642e-01	2.4115326e-01
2.9500000e+03	1.1313783e-01	1.3285402e-02	7.0859194e-01	4.6743381e-01	2.4115813e-01
2.9750000e+03	1.1306321e-01	1.3269328e-02	7.0841968e-01	4.6727306e-01	2.4114662e-01
3.0000000e+03	1.1298895e-01	1.3249314e-02	7.0826590e-01	4.6712190e-01	2.4114400e-01
3.0250000e+03	1.1289047e-01	1.3230612e-02	7.0802927e-01	4.6690512e-01	2.4112417e-01
3.0500000e+03	1.1278877e-01	1.3205704e-02	7.0780307e-01	4.6669030e-01	2.4111277e-01
3.0750000e+03	1.1265976e-01	1.3182440e-02	7.0748800e-01	4.6640375e-01	2.4108425e-01
3.1000000e+03	1.1254688e-01	1.3157594e-02	7.0722264e-01	4.6615821e-01	2.4106444e-01
3.1250000e+03	1.1244989e-01	1.3143154e-02	7.0696604e-01	4.6593291e-01	2.4103314e-01
3.1500000e+03	1.1240838e-01	1.3134504e-02	7.0685285e-01	4.6583480e-01	2.4101804e-01
3.1750000e+03	1.1240412e-01	1.3140287e-02	7.0679426e-01	4.6580124e-01	2.4099301e-01
3.2000000e+03	1.1246476e-01	1.3155252e-02	7.0689261e-01	4.6591106e-01	2.4098155e-01
3.2250000e+03	1.1255918e-01	1.3185350e-02	7.0703977e-01	4.6607906e-01	2.4096072e-01
3.2500000e+03	1.1267402e-01	1.3215163e-02	7.0727021e-01	4.6630913e-01	2.4096107e-01
3.2750000e+03	1.1273970e-01	1.3240514e-02	7.0739436e-01	4.6643689e-01	2.4095747e-01
3.3000000e+03	1.1278886e-01	1.3256273e-02	7.0751631e-01	4.6654701e-01	2.4096930e-01
3.3250000e+03	1.1284611e-01	1.3280200e-02	7.0762312e-01	4.6665767e-01	2.4096546e-01
3.3500000e+03	1.1297624e-01	1.3314983e-02	7.0789462e-01	4.6692353e-01	2.4097107e-01
3.3750000e+03	1.1315219e-01	1.3366417e-02	7.0824206e-01	4.6727324e-01	2.4096884e-01
3.4000000e+03	1.1336103e-01	1.3418402e-02	7.0870107e-01	4.6771157e-01	2.4098951e-01
3.4250000e+03	1.1353901e-01	1.3467147e-02	7.0909977e-01	4.6808890e-01	2.4101087e-01
3.4500000e+03	1.1369225e-01	1.3501672e-02	7.0949554e-01	4.6844003e-01	2.4105552e-01
3.4750000e+03	1.1379967e-01	1.3529398e-02	7.0979077e-01	4.6869504e-01	2.4109572e-01
3.5000000e+03	1.1389623e-01	1.3546104e-02	7.1009743e-01	4.6894494e-01	2.4115250e-01
3.5250000e+03	1.1396569e-01	1.3560806e-02	7.1033019e-01	4.6913078e-01	2.4119940e-01
3.5500000e+03	1.1403874e-01	1.3569328e-02	7.1060437e-01	4.6934092e-01	2.4126345e-01
3.5750000e+03	1.1409289e-01	1.3579061e-02	7.1081650e-01	4.6950114e-01	2.4131536e-01
3.6000000e+03	1.1415680e-01	1.3584394e-02	7.1107966e-01	4.6969664e-01	2.4138303e-01
3.6250000e+03	1.1420628e-01	1.3591949e-02	7.1128809e-01	4.6985033e-01	2.4143776e-01
3.6500000e+03	1.1426859e-01	1.3594617e-02	7.1155286e-01	4.7004503e-01	2.4150783e-01
3.6750000e+03	1.1431846e-01	1.3600276e-02	7.1177208e-01	4.7020450e-01	2.4156758e-01
3.7000000e+03	1.1437702e-01	1.3600467e-02	7.1204072e-01	4.7039738e-01	2.4164334e-01
3.7250000e+03	1.1441945e-01	1.3600931e-02	7.1226078e-01	4.7054982e-01	2.4171095e-01
3.7500000e+03	1.1446904e-01	1.3596891e-02	7.1252191e-01	4.7073001e-01	2.4179190e-01
3.7750000e+03	1.1450221e-01	1.3594321e-02	7.1272665e-01	4.7086555e-01	2.4186112e-01
3.8000000e+03	1.1454564e-01	1.3588171e-02	7.1298122e-01	4.7103626e-01	2.4194497e-01
3.8250000e+03	1.1457299e-01	1.3583882e-02	7.1318161e-01	4.7116381e-01	2.4201782e-01
3.8500000e+03	1.1460891e-01	1.3575017e-02	7.1342510e-01	4.7132146e-01	2.4210364e-01
3.8750000e+03	1.1462795e-01	1.3568231e-02	7.1360511e-01	4.7143051e-01	2.4217460e-01
3.9000000e+03	1.1465815e-01	1.3558147e-02	7.1382773e-01	4.7157201e-01	2.4225572e-01
3.9250000e+03	1.1467449e-01	1.3551670e-02	7.1399182e-01	4.7167039e-01	2.4232143e-01
3.9500000e+03	1.1470286e-01	1.3541846e-02	7.1420568e-01	4.7180569e-01	2.4239999e-01
3.9750000e+03	1.1471454e-01	1.3534078e-02	7.1435612e-01	4.7189260e-01	2.4246353e-01
4.0000000e+03	1.1473664e-01	1.3521919e-02	7.1455264e-01	4.7201297e-01	2.4253967e-01
4.0250000e+03	1.1474358e-01	1.3513359e-02	7.1468550e-01	4.7208631e-01	2.4259917e-01
4.0500000e+03	1.1476059e-01	1.3502066e-02	7.1485692e-01	4.7218904e-01	2.4266788e-01
4.0750000e+03	1.1476367e-01	1.3494490e-02	7.1496797e-01	4.7224766e-01	2.4272031e-01
4.1000000e+03	1.1477888e-01	1.3483224e-02	7.1512884e-01	4.7234330e-01	2.4278554e-01
4.1250000e+03	1.1478014e-01	1.3475970e-02	7.1522778e-01	4.7239402e-01	2.4283376e-01
4.1500000e+03	1.1479241e-01	1.3465039e-02	7.1536821e-01	4.7247651e-01	2.4289170e-01
4.1750000e+03	1.1479079e-01	1.3457163e-02	7.1544653e-01	4.7251406e-01	2.4293247e-01
4.2000000e+03	1.1480181e-01	1.3447283e-02	7.1556878e-01	4.7258621e-01	2.4298258e-01
4.2250000e+03	1.1480000e-01	1.3441519e-02	7.1563452e-01	4.7261727e-01	2.4301726e-01
4.2500000e+03	1.1481022e-01	1.3432603e-02	7.1574742e-01	4.7268394e-01	2.4306348e-01
4.2750000e+03	1.1480719e-01	1.3427418e-02	7.1580607e-01	4.7271022e-01	2.4309584e-01
4.3000000e+03	1.1481685e-01	1.3419546e-02	7.1591055e-01	4.7277212e-01	2.4313843e-01
4.3250000e+03	1.1481503e-01	1.3415849e-02	7.1596253e-01	4.7279629e-01	2.4316624e-01
4.3500000e+03	1.1482699e-01	1.3409877e-02	7.1605849e-01	4.7285622e-01	2.4320225e-01
4.3750000e+03	1.1482581e-01	1.3407390e-02	7.1609730e-01	4.7287446e-01	2.4322283e-01
4.4000000e+03	1.1483794e-01	1.3401746e-02	7.1618956e-01	4.7293273e-01	2.4325684e-01
4.4250000e+03	1.1483551e-01	1.3398872e-02	7.1622151e-01	4.7294626e-01	2.4327525e-01
4.4500000e+03	1.1484477e-01	1.3392590e-02	7.1630204e-01	4.7299579e-01	2.4330625e-01
4.4750000e+03	1.1484005e-01	1.3390535e-02	7.1632361e-01	4.7300184e-01	2.4332176e-01
4.5000000e+03	1.1484867e-01	1.3386961e-02	7.1639377e-01	4.7304556e-01	2.4334821e-01
