# Force coefficients
# liftDir     : (0.0000000e+00 1.0000000e+00 0.0000000e+00)
# dragDir     : (1.0000000e+00 0.0000000e+00 0.0000000e+00)
# pitchAxis   : (0.0000000e+00 0.0000000e+00 1.0000000e+00)
# magUInf     : 9.0551201e+01
# lRef        : 9.0219998e-01
# Aref        : 6.3155003e-02
# CofR        : (2.2555199e-01 0.0000000e+00 0.0000000e+00)
# Time        	Cm            	Cd            	Cl            	Cl(f)         	Cl(r)         	Cm	Cd	Cl	Cl(f)	Cl(r)
2.5000000e+01	9.4802581e-02	3.2509673e-02	2.9290611e-01	2.4125564e-01	5.1650472e-02
5.0000000e+01	1.0594541e-01	3.4780003e-02	3.4178060e-01	2.7683571e-01	6.4944893e-02
7.5000000e+01	1.1018604e-01	3.3468913e-02	3.7240407e-01	2.9638809e-01	7.6015994e-02
1.0000000e+02	1.1465453e-01	3.3907119e-02	4.0509361e-01	3.1720132e-01	8.7892279e-02
1.2500000e+02	1.1818451e-01	3.4009408e-02	4.3693620e-01	3.3665261e-01	1.0028359e-01
1.5000000e+02	1.2060549e-01	3.3629645e-02	4.6781009e-01	3.5451055e-01	1.1329956e-01
1.7500000e+02	1.2202366e-01	3.2921910e-02	4.9683180e-01	3.7043956e-01	1.2639225e-01
2.0000000e+02	1.2273517e-01	3.1987492e-02	5.2349526e-01	3.8448280e-01	1.3901246e-01
2.2500000e+02	1.2281856e-01	3.0878769e-02	5.4660350e-01	3.9612031e-01	1.5048319e-01
2.5000000e+02	1.2289792e-01	2.9668462e-02	5.6817484e-01	4.0698534e-01	1.6118950e-01
2.7500000e+02	1.2289105e-01	2.8425010e-02	5.8823645e-01	4.1700929e-01	1.7122717e-01
3.0000000e+02	1.2302576e-01	2.7216934e-02	6.0695362e-01	4.2650259e-01	1.8045105e-01
3.2500000e+02	1.2277184e-01	2.6068078e-02	6.2173027e-01	4.3363696e-01	1.8809330e-01
3.5000000e+02	1.2241731e-01	2.5043866e-02	6.3341558e-01	4.3912509e-01	1.9429049e-01
3.7500000e+02	1.2177212e-01	2.4153873e-02	6.4157724e-01	4.4256073e-01	1.9901651e-01
4.0000000e+02	1.2120715e-01	2.3399180e-02	6.4852917e-01	4.4547173e-01	2.0305744e-01
4.2500000e+02	1.2062807e-01	2.2723680e-02	6.5460104e-01	4.4792861e-01	2.0667244e-01
4.5000000e+02	1.2023017e-01	2.2114381e-02	6.6058886e-01	4.5052460e-01	2.1006426e-01
4.7500000e+02	1.1975928e-01	2.1603258e-02	6.6494161e-01	4.5223010e-01	2.1271151e-01
5.0000000e+02	1.1949523e-01	2.1232374e-02	6.6859072e-01	4.5379061e-01	2.1480013e-01
5.2500000e+02	1.1916228e-01	2.0946372e-02	6.7091590e-01	4.5462024e-01	2.1629567e-01
5.5000000e+02	1.1891808e-01	2.0689916e-02	6.7326611e-01	4.5555115e-01	2.1771497e-01
5.7500000e+02	1.1849012e-01	2.0414416e-02	6.7496127e-01	4.5597076e-01	2.1899050e-01
6.0000000e+02	1.1819463e-01	2.0137500e-02	6.7727268e-01	4.5683098e-01	2.2044170e-01
6.2500000e+02	1.1775528e-01	1.9838694e-02	6.7905617e-01	4.5728338e-01	2.2177280e-01
6.5000000e+02	1.1739948e-01	1.9524379e-02	6.8120509e-01	4.5800203e-01	2.2320306e-01
6.7500000e+02	1.1684696e-01	1.9185694e-02	6.8248510e-01	4.5808950e-01	2.2439560e-01
7.0000000e+02	1.1644803e-01	1.8868811e-02	6.8407404e-01	4.5848507e-01	2.2558899e-01
7.2500000e+02	1.1599620e-01	1.8592998e-02	6.8497419e-01	4.5848328e-01	2.2649090e-01
7.5000000e+02	1.1576686e-01	1.8381350e-02	6.8631917e-01	4.5892644e-01	2.2739273e-01
7.7500000e+02	1.1546037e-01	1.8207600e-02	6.8698418e-01	4.5895246e-01	2.2803172e-01
8.0000000e+02	1.1534137e-01	1.8079098e-02	6.8808919e-01	4.5938596e-01	2.2870323e-01
8.2500000e+02	1.1511901e-01	1.7971219e-02	6.8852055e-01	4.5937929e-01	2.2914127e-01
8.5000000e+02	1.1507025e-01	1.7893275e-02	6.8945014e-01	4.5979533e-01	2.2965482e-01
8.7500000e+02	1.1491873e-01	1.7823799e-02	6.8981212e-01	4.5982480e-01	2.2998732e-01
9.0000000e+02	1.1495140e-01	1.7775144e-02	6.9080472e-01	4.6035376e-01	2.3045096e-01
9.2500000e+02	1.1488448e-01	1.7727433e-02	6.9131535e-01	4.6054214e-01	2.3077320e-01
9.5000000e+02	1.1499408e-01	1.7694656e-02	6.9246870e-01	4.6122843e-01	2.3124027e-01
9.7500000e+02	1.1498955e-01	1.7659860e-02	6.9309270e-01	4.6153590e-01	2.3155680e-01
1.0000000e+03	1.1515315e-01	1.7640259e-02	6.9431931e-01	4.6231282e-01	2.3200651e-01
1.0250000e+03	1.1519772e-01	1.7619019e-02	6.9499826e-01	4.6269685e-01	2.3230141e-01
1.0500000e+03	1.1540635e-01	1.7611496e-02	6.9628179e-01	4.6354723e-01	2.3273455e-01
1.0750000e+03	1.1548489e-01	1.7599389e-02	6.9700754e-01	4.6398866e-01	2.3301888e-01
1.1000000e+03	1.1571040e-01	1.7596306e-02	6.9830769e-01	4.6486425e-01	2.3344344e-01
1.1250000e+03	1.1578541e-01	1.7583318e-02	6.9900584e-01	4.6528834e-01	2.3371750e-01
1.1500000e+03	1.1599319e-01	1.7575128e-02	7.0025247e-01	4.6611941e-01	2.3413305e-01
1.1750000e+03	1.1603844e-01	1.7553132e-02	7.0087028e-01	4.6647358e-01	2.3439670e-01
1.2000000e+03	1.1621480e-01	1.7535020e-02	7.0203561e-01	4.6723261e-01	2.3480299e-01
1.2250000e+03	1.1623016e-01	1.7503753e-02	7.0256978e-01	4.6751505e-01	2.3505473e-01
1.2500000e+03	1.1637995e-01	1.7478144e-02	7.0364779e-01	4.6820384e-01	2.3544395e-01
1.2750000e+03	1.1637251e-01	1.7441958e-02	7.0408839e-01	4.6841669e-01	2.3567168e-01
1.3000000e+03	1.1650389e-01	1.7413756e-02	7.0507246e-01	4.6904013e-01	2.3603234e-01
1.3250000e+03	1.1648148e-01	1.7377757e-02	7.0541602e-01	4.6918949e-01	2.3622653e-01
1.3500000e+03	1.1660234e-01	1.7351685e-02	7.0630926e-01	4.6975696e-01	2.3655230e-01
1.3750000e+03	1.1657199e-01	1.7318845e-02	7.0656842e-01	4.6985620e-01	2.3671222e-01
1.4000000e+03	1.1668599e-01	1.7296456e-02	7.0737976e-01	4.7037587e-01	2.3700389e-01
1.4250000e+03	1.1664930e-01	1.7266974e-02	7.0756221e-01	4.7043040e-01	2.3713180e-01
1.4500000e+03	1.1675677e-01	1.7247995e-02	7.0830190e-01	4.7090772e-01	2.3739418e-01
1.4750000e+03	1.1671227e-01	1.7221499e-02	7.0841038e-01	4.7091746e-01	2.3749292e-01
1.5000000e+03	1.1681356e-01	1.7204978e-02	7.0908588e-01	4.7135651e-01	2.3772939e-01
1.5250000e+03	1.1676296e-01	1.7181017e-02	7.0913410e-01	4.7133002e-01	2.3780409e-01
1.5500000e+03	1.1685801e-01	1.7166585e-02	7.0975190e-01	4.7173396e-01	2.3801795e-01
1.5750000e+03	1.1680212e-01	1.7144626e-02	7.0974827e-01	4.7167626e-01	2.3807201e-01
1.6000000e+03	1.1689281e-01	1.7132364e-02	7.1031821e-01	4.7205192e-01	2.3826629e-01
1.6250000e+03	1.1683236e-01	1.7112445e-02	7.1026862e-01	4.7196668e-01	2.3830195e-01
1.6500000e+03	1.1691975e-01	1.7102124e-02	7.1079946e-01	4.7231948e-01	2.3847997e-01
1.6750000e+03	1.1685647e-01	1.7084166e-02	7.1071398e-01	4.7221345e-01	2.3850052e-01
1.7000000e+03	1.1694050e-01	1.7075820e-02	7.1120858e-01	4.7254479e-01	2.3866379e-01
1.7250000e+03	1.1687403e-01	1.7059255e-02	7.1108997e-01	4.7241902e-01	2.3867095e-01
1.7500000e+03	1.1695624e-01	1.7052457e-02	7.1155781e-01	4.7273514e-01	2.3882267e-01
1.7750000e+03	1.1688767e-01	1.7037358e-02	7.1141154e-01	4.7259343e-01	2.3881809e-01
1.8000000e+03	1.1696795e-01	1.7031852e-02	7.1185428e-01	4.7289509e-01	2.3895919e-01
1.8250000e+03	1.1689800e-01	1.7018359e-02	7.1168560e-01	4.7274080e-01	2.3894480e-01
1.8500000e+03	1.1697748e-01	1.7014299e-02	7.1210754e-01	4.7303125e-01	2.3907629e-01
1.8750000e+03	1.1690706e-01	1.7002283e-02	7.1192026e-01	4.7286719e-01	2.3905307e-01
1.9000000e+03	1.1698576e-01	1.6999599e-02	7.1232432e-01	4.7314793e-01	2.3917639e-01
1.9250000e+03	1.1691510e-01	1.6988693e-02	7.1212208e-01	4.7297615e-01	2.3914593e-01
1.9500000e+03	1.1699399e-01	1.6987350e-02	7.1251351e-01	4.7325075e-01	2.3926276e-01
1.9750000e+03	1.1692342e-01	1.6977696e-02	7.1229893e-01	4.7307289e-01	2.3922604e-01
2.0000000e+03	1.1700236e-01	1.6977103e-02	7.1267992e-01	4.7334233e-01	2.3933759e-01
