# Force coefficients
# liftDir     : (0.0000000e+00 1.0000000e+00 0.0000000e+00)
# dragDir     : (1.0000000e+00 0.0000000e+00 0.0000000e+00)
# pitchAxis   : (0.0000000e+00 0.0000000e+00 1.0000000e+00)
# magUInf     : 3.6089199e+01
# lRef        : 9.0219998e-01
# Aref        : 6.3155003e-02
# CofR        : (2.2555199e-01 0.0000000e+00 0.0000000e+00)
# Time        	Cm            	Cd            	Cl            	Cl(f)         	Cl(r)         	Cm	Cd	Cl	Cl(f)	Cl(r)
2.0250000e+03	1.1495221e-01	1.3435018e-02	7.0539975e-01	4.6765208e-01	2.3774767e-01
2.0500000e+03	1.1491556e-01	1.3067998e-02	7.0714760e-01	4.6848935e-01	2.3865825e-01
2.0750000e+03	1.1475427e-01	1.2901666e-02	7.0772856e-01	4.6861854e-01	2.3911002e-01
2.1000000e+03	1.1475027e-01	1.2830133e-02	7.0846951e-01	4.6898502e-01	2.3948449e-01
2.1250000e+03	1.1458809e-01	1.2750862e-02	7.0838928e-01	4.6878272e-01	2.3960656e-01
2.1500000e+03	1.1457279e-01	1.2688991e-02	7.0880228e-01	4.6897393e-01	2.3982835e-01
2.1750000e+03	1.1438278e-01	1.2617108e-02	7.0852405e-01	4.6864480e-01	2.3987925e-01
2.2000000e+03	1.1432303e-01	1.2548325e-02	7.0886707e-01	4.6875656e-01	2.4011052e-01
2.2250000e+03	1.1407111e-01	1.2457556e-02	7.0854652e-01	4.6834436e-01	2.4020216e-01
2.2500000e+03	1.1395363e-01	1.2361803e-02	7.0899242e-01	4.6844983e-01	2.4054259e-01
2.2750000e+03	1.1363153e-01	1.2227091e-02	7.0873636e-01	4.6799970e-01	2.4073665e-01
2.3000000e+03	1.1344159e-01	1.2105973e-02	7.0894033e-01	4.6791175e-01	2.4102858e-01
2.3250000e+03	1.1305694e-01	1.1984557e-02	7.0818806e-01	4.6715096e-01	2.4103710e-01
2.3500000e+03	1.1280384e-01	1.1892156e-02	7.0784730e-01	4.6672750e-01	2.4111980e-01
2.3750000e+03	1.1235785e-01	1.1791660e-02	7.0666200e-01	4.6568885e-01	2.4097314e-01
2.4000000e+03	1.1204333e-01	1.1706036e-02	7.0599258e-01	4.6503961e-01	2.4095297e-01
2.4250000e+03	1.1155301e-01	1.1605965e-02	7.0459205e-01	4.6384904e-01	2.4074301e-01
2.4500000e+03	1.1122157e-01	1.1523347e-02	7.0380986e-01	4.6312651e-01	2.4068335e-01
2.4750000e+03	1.1073265e-01	1.1430571e-02	7.0237100e-01	4.6191815e-01	2.4045286e-01
2.5000000e+03	1.1041649e-01	1.1360805e-02	7.0158517e-01	4.6120909e-01	2.4037609e-01
2.5250000e+03	1.0996902e-01	1.1290536e-02	7.0018512e-01	4.6006158e-01	2.4012354e-01
2.5500000e+03	1.0972385e-01	1.1252116e-02	6.9950068e-01	4.5947421e-01	2.4002649e-01
2.5750000e+03	1.0936774e-01	1.1215583e-02	6.9824636e-01	4.5849091e-01	2.3975545e-01
2.6000000e+03	1.0921954e-01	1.1206752e-02	6.9771278e-01	4.5807594e-01	2.3963684e-01
2.6250000e+03	1.0894670e-01	1.1195871e-02	6.9657117e-01	4.5723230e-01	2.3933887e-01
2.6500000e+03	1.0884275e-01	1.1205616e-02	6.9607699e-01	4.5688125e-01	2.3919573e-01
2.6750000e+03	1.0857107e-01	1.1200183e-02	6.9490314e-01	4.5602262e-01	2.3888050e-01
2.7000000e+03	1.0845814e-01	1.1209488e-02	6.9436079e-01	4.5563853e-01	2.3872226e-01
2.7250000e+03	1.0818892e-01	1.1205596e-02	6.9317025e-01	4.5477405e-01	2.3839620e-01
2.7500000e+03	1.0809474e-01	1.1219249e-02	6.9265485e-01	4.5442218e-01	2.3823269e-01
2.7750000e+03	1.0786297e-01	1.1220398e-02	6.9154978e-01	4.5363787e-01	2.3791191e-01
2.8000000e+03	1.0778616e-01	1.1233331e-02	6.9110304e-01	4.5333767e-01	2.3776536e-01
2.8250000e+03	1.0756935e-01	1.1235173e-02	6.9006002e-01	4.5259935e-01	2.3746066e-01
2.8500000e+03	1.0755748e-01	1.1259993e-02	6.8975300e-01	4.5243397e-01	2.3731902e-01
2.8750000e+03	1.0740414e-01	1.1273212e-02	6.8885040e-01	4.5182934e-01	2.3702106e-01
2.9000000e+03	1.0740522e-01	1.1299385e-02	6.8858731e-01	4.5169887e-01	2.3688844e-01
2.9250000e+03	1.0724758e-01	1.1309526e-02	6.8768561e-01	4.5109040e-01	2.3659521e-01
2.9500000e+03	1.0723851e-01	1.1329939e-02	6.8741041e-01	4.5094371e-01	2.3646671e-01
2.9750000e+03	1.0702864e-01	1.1326017e-02	6.8642324e-01	4.5024025e-01	2.3618299e-01
3.0000000e+03	1.0690197e-01	1.1319513e-02	6.8593800e-01	4.4987097e-01	2.3606703e-01
3.0250000e+03	1.0653424e-01	1.1280053e-02	6.8465811e-01	4.4886330e-01	2.3579481e-01
3.0500000e+03	1.0625754e-01	1.1240575e-02	6.8388617e-01	4.4820061e-01	2.3568556e-01
3.0750000e+03	1.0583355e-01	1.1190319e-02	6.8249029e-01	4.4707870e-01	2.3541158e-01
3.1000000e+03	1.0568159e-01	1.1181243e-02	6.8195093e-01	4.4665706e-01	2.3529387e-01
3.1250000e+03	1.0558669e-01	1.1206225e-02	6.8121070e-01	4.4619203e-01	2.3501866e-01
3.1500000e+03	1.0587708e-01	1.1296653e-02	6.8158817e-01	4.4667116e-01	2.3491701e-01
3.1750000e+03	1.0613148e-01	1.1400292e-02	6.8162525e-01	4.4694412e-01	2.3468114e-01
3.2000000e+03	1.0654558e-01	1.1519745e-02	6.8236589e-01	4.4772851e-01	2.3463736e-01
3.2250000e+03	1.0676500e-01	1.1616358e-02	6.8243963e-01	4.4798481e-01	2.3445481e-01
3.2500000e+03	1.0711336e-01	1.1719638e-02	6.8312508e-01	4.4867590e-01	2.3444918e-01
3.2750000e+03	1.0729442e-01	1.1804323e-02	6.8318385e-01	4.4888633e-01	2.3429751e-01
3.3000000e+03	1.0763502e-01	1.1900897e-02	6.8390971e-01	4.4958988e-01	2.3431984e-01
3.3250000e+03	1.0782126e-01	1.1980774e-02	6.8403614e-01	4.4983932e-01	2.3419681e-01
3.3500000e+03	1.0814725e-01	1.2068234e-02	6.8480092e-01	4.5054770e-01	2.3425321e-01
3.3750000e+03	1.0828109e-01	1.2130620e-02	6.8489546e-01	4.5072883e-01	2.3416664e-01
3.4000000e+03	1.0854857e-01	1.2197550e-02	6.8561232e-01	4.5135474e-01	2.3425759e-01
3.4250000e+03	1.0866108e-01	1.2245799e-02	6.8572885e-01	4.5152551e-01	2.3420334e-01
3.4500000e+03	1.0894281e-01	1.2305820e-02	6.8653876e-01	4.5221218e-01	2.3432657e-01
3.4750000e+03	1.0907464e-01	1.2348847e-02	6.8676496e-01	4.5245713e-01	2.3430784e-01
3.5000000e+03	1.0936106e-01	1.2401310e-02	6.8765491e-01	4.5318851e-01	2.3446640e-01
3.5250000e+03	1.0947721e-01	1.2433201e-02	6.8791020e-01	4.5343232e-01	2.3447788e-01
3.5500000e+03	1.0973237e-01	1.2471928e-02	6.8878752e-01	4.5412612e-01	2.3466139e-01
3.5750000e+03	1.0980888e-01	1.2489172e-02	6.8899661e-01	4.5430720e-01	2.3468943e-01
3.6000000e+03	1.1002751e-01	1.2514679e-02	6.8982482e-01	4.5493990e-01	2.3488490e-01
3.6250000e+03	1.1007238e-01	1.2520251e-02	6.8998969e-01	4.5506722e-01	2.3492247e-01
3.6500000e+03	1.1026386e-01	1.2535399e-02	6.9078374e-01	4.5565572e-01	2.3512802e-01
3.6750000e+03	1.1028513e-01	1.2531931e-02	6.9092447e-01	4.5574737e-01	2.3517710e-01
3.7000000e+03	1.1045963e-01	1.2539355e-02	6.9171220e-01	4.5631573e-01	2.3539647e-01
3.7250000e+03	1.1047011e-01	1.2529408e-02	6.9186139e-01	4.5640081e-01	2.3546058e-01
3.7500000e+03	1.1063628e-01	1.2531607e-02	6.9265836e-01	4.5696545e-01	2.3569290e-01
3.7750000e+03	1.1063821e-01	1.2516857e-02	6.9280720e-01	4.5704180e-01	2.3576540e-01
3.8000000e+03	1.1079590e-01	1.2514680e-02	6.9359738e-01	4.5759457e-01	2.3600279e-01
3.8250000e+03	1.1078773e-01	1.2496199e-02	6.9372553e-01	4.5765048e-01	2.3607504e-01
3.8500000e+03	1.1093435e-01	1.2490935e-02	6.9448543e-01	4.5817706e-01	2.3630837e-01
3.8750000e+03	1.1091416e-01	1.2470021e-02	6.9457221e-01	4.5820028e-01	2.3637195e-01
3.9000000e+03	1.1105062e-01	1.2463582e-02	6.9529051e-01	4.5869589e-01	2.3659463e-01
3.9250000e+03	1.1101842e-01	1.2441573e-02	6.9532865e-01	4.5868275e-01	2.3664591e-01
3.9500000e+03	1.1114069e-01	1.2433195e-02	6.9599742e-01	4.5913941e-01	2.3685801e-01
3.9750000e+03	1.1109478e-01	1.2409208e-02	6.9599074e-01	4.5909014e-01	2.3690060e-01
4.0000000e+03	1.1120547e-01	1.2399301e-02	6.9662100e-01	4.5951599e-01	2.3710503e-01
4.0250000e+03	1.1115292e-01	1.2374335e-02	6.9659048e-01	4.5944816e-01	2.3714232e-01
4.0500000e+03	1.1126138e-01	1.2364530e-02	6.9720578e-01	4.5986426e-01	2.3734152e-01
4.0750000e+03	1.1120641e-01	1.2340058e-02	6.9715744e-01	4.5978513e-01	2.3737231e-01
4.1000000e+03	1.1131074e-01	1.2330635e-02	6.9774759e-01	4.6018451e-01	2.3756306e-01
4.1250000e+03	1.1125058e-01	1.2306941e-02	6.9766659e-01	4.6008387e-01	2.3758271e-01
4.1500000e+03	1.1135055e-01	1.2299089e-02	6.9822264e-01	4.6046185e-01	2.3776077e-01
4.1750000e+03	1.1128875e-01	1.2277429e-02	6.9811344e-01	4.6034548e-01	2.3776796e-01
4.2000000e+03	1.1138701e-01	1.2271398e-02	6.9864076e-01	4.6070740e-01	2.3793337e-01
4.2250000e+03	1.1132183e-01	1.2252047e-02	6.9849825e-01	4.6057096e-01	2.3792729e-01
4.2500000e+03	1.1141667e-01	1.2248018e-02	6.9899487e-01	4.6091411e-01	2.3808077e-01
4.2750000e+03	1.1134809e-01	1.2229911e-02	6.9882441e-01	4.6076030e-01	2.3806411e-01
4.3000000e+03	1.1144008e-01	1.2227282e-02	6.9929755e-01	4.6108887e-01	2.3820868e-01
4.3250000e+03	1.1136984e-01	1.2210424e-02	6.9911003e-01	4.6092486e-01	2.3818517e-01
4.3500000e+03	1.1146118e-01	1.2209129e-02	6.9956851e-01	4.6124545e-01	2.3832306e-01
4.3750000e+03	1.1139048e-01	1.2193366e-02	6.9936860e-01	4.6107477e-01	2.3829383e-01
4.4000000e+03	1.1148155e-01	1.2192931e-02	6.9981927e-01	4.6139118e-01	2.3842809e-01
4.4250000e+03	1.1140883e-01	1.2177996e-02	6.9960713e-01	4.6121240e-01	2.3839474e-01
4.4500000e+03	1.1149675e-01	1.2177858e-02	7.0004267e-01	4.6151808e-01	2.3852459e-01
4.4750000e+03	1.1141951e-01	1.2162500e-02	6.9981313e-01	4.6132606e-01	2.3848706e-01
4.5000000e+03	1.1150136e-01	1.2161604e-02	7.0022929e-01	4.6161601e-01	2.3861328e-01
