# Force coefficients
# liftDir     : (0.0000000e+00 1.0000000e+00 0.0000000e+00)
# dragDir     : (1.0000000e+00 0.0000000e+00 0.0000000e+00)
# pitchAxis   : (0.0000000e+00 0.0000000e+00 1.0000000e+00)
# magUInf     : 9.0551201e+01
# lRef        : 9.0219998e-01
# Aref        : 4.5109998e-02
# CofR        : (2.2555199e-01 0.0000000e+00 0.0000000e+00)
# Time        	Cm            	Cd            	Cl            	Cl(f)         	Cl(r)         	Cm	Cd	Cl	Cl(f)	Cl(r)
2.0250000e+03	1.1506953e-01	1.5008299e-02	7.0439243e-01	4.6726575e-01	2.3712668e-01
2.0500000e+03	1.1501517e-01	1.4672923e-02	7.0603877e-01	4.6803457e-01	2.3800421e-01
2.0750000e+03	1.1493288e-01	1.4563972e-02	7.0678777e-01	4.6832675e-01	2.3846100e-01
2.1000000e+03	1.1490911e-01	1.4524230e-02	7.0743090e-01	4.6862456e-01	2.3880634e-01
2.1250000e+03	1.1479674e-01	1.4462198e-02	7.0766574e-01	4.6862960e-01	2.3903613e-01
2.1500000e+03	1.1474943e-01	1.4413135e-02	7.0800757e-01	4.6875322e-01	2.3925436e-01
2.1750000e+03	1.1462294e-01	1.4364948e-02	7.0794517e-01	4.6859553e-01	2.3934963e-01
2.2000000e+03	1.1454718e-01	1.4299468e-02	7.0814246e-01	4.6861839e-01	2.3952405e-01
2.2250000e+03	1.1435457e-01	1.4205547e-02	7.0806712e-01	4.6838814e-01	2.3967899e-01
2.2500000e+03	1.1423936e-01	1.4134588e-02	7.0844305e-01	4.6846089e-01	2.3998216e-01
2.2750000e+03	1.1403809e-01	1.4029132e-02	7.0843202e-01	4.6825409e-01	2.4017791e-01
2.3000000e+03	1.1388402e-01	1.3907903e-02	7.0860416e-01	4.6818611e-01	2.4041805e-01
2.3250000e+03	1.1364380e-01	1.3815395e-02	7.0831943e-01	4.6780351e-01	2.4051592e-01
2.3500000e+03	1.1349615e-01	1.3747581e-02	7.0815694e-01	4.6757463e-01	2.4058232e-01
2.3750000e+03	1.1326270e-01	1.3665584e-02	7.0753068e-01	4.6702802e-01	2.4050264e-01
2.4000000e+03	1.1308768e-01	1.3596900e-02	7.0712119e-01	4.6664828e-01	2.4047291e-01
2.4250000e+03	1.1283562e-01	1.3538028e-02	7.0648664e-01	4.6607894e-01	2.4040771e-01
2.4500000e+03	1.1267940e-01	1.3516679e-02	7.0614952e-01	4.6575415e-01	2.4039537e-01
2.4750000e+03	1.1246993e-01	1.3480742e-02	7.0548481e-01	4.6521235e-01	2.4027246e-01
2.5000000e+03	1.1233996e-01	1.3452256e-02	7.0518076e-01	4.6493036e-01	2.4025042e-01
2.5250000e+03	1.1214099e-01	1.3384163e-02	7.0456398e-01	4.6442297e-01	2.4014100e-01
2.5500000e+03	1.1203177e-01	1.3347162e-02	7.0435828e-01	4.6421093e-01	2.4014737e-01
2.5750000e+03	1.1185370e-01	1.3330475e-02	7.0380473e-01	4.6375605e-01	2.4004868e-01
2.6000000e+03	1.1178934e-01	1.3346770e-02	7.0362741e-01	4.6360305e-01	2.4002436e-01
2.6250000e+03	1.1167132e-01	1.3338429e-02	7.0305055e-01	4.6319661e-01	2.3985395e-01
2.6500000e+03	1.1163653e-01	1.3361552e-02	7.0301622e-01	4.6314463e-01	2.3987159e-01
2.6750000e+03	1.1153484e-01	1.3356720e-02	7.0251852e-01	4.6279410e-01	2.3972443e-01
2.7000000e+03	1.1146150e-01	1.3358774e-02	7.0237571e-01	4.6264935e-01	2.3972636e-01
2.7250000e+03	1.1128039e-01	1.3378117e-02	7.0167774e-01	4.6211925e-01	2.3955849e-01
2.7500000e+03	1.1112546e-01	1.3363940e-02	7.0123303e-01	4.6174198e-01	2.3949105e-01
2.7750000e+03	1.1085927e-01	1.3335488e-02	7.0048779e-01	4.6110317e-01	2.3938462e-01
2.8000000e+03	1.1067720e-01	1.3297055e-02	7.0003849e-01	4.6069646e-01	2.3934205e-01
2.8250000e+03	1.1042774e-01	1.3267228e-02	6.9935548e-01	4.6010548e-01	2.3925000e-01
2.8500000e+03	1.1026360e-01	1.3246858e-02	6.9890016e-01	4.5971370e-01	2.3918648e-01
2.8750000e+03	1.1000115e-01	1.3212873e-02	6.9815749e-01	4.5907989e-01	2.3907760e-01
2.9000000e+03	1.0983351e-01	1.3185774e-02	6.9772524e-01	4.5869613e-01	2.3902911e-01
2.9250000e+03	1.0966932e-01	1.3214041e-02	6.9714648e-01	4.5824257e-01	2.3890391e-01
2.9500000e+03	1.0967523e-01	1.3228113e-02	6.9699275e-01	4.5817161e-01	2.3882115e-01
2.9750000e+03	1.0969433e-01	1.3280565e-02	6.9682378e-01	4.5810622e-01	2.3871756e-01
3.0000000e+03	1.0988028e-01	1.3382619e-02	6.9708568e-01	4.5842314e-01	2.3866256e-01
3.0250000e+03	1.1004319e-01	1.3468170e-02	6.9723672e-01	4.5866156e-01	2.3857516e-01
3.0500000e+03	1.1028237e-01	1.3566899e-02	6.9763327e-01	4.5909899e-01	2.3853427e-01
3.0750000e+03	1.1037559e-01	1.3617067e-02	6.9767600e-01	4.5921358e-01	2.3846242e-01
3.1000000e+03	1.1048979e-01	1.3687273e-02	6.9786268e-01	4.5942113e-01	2.3844156e-01
3.1250000e+03	1.1048354e-01	1.3705977e-02	6.9768018e-01	4.5932364e-01	2.3835655e-01
3.1500000e+03	1.1056671e-01	1.3728079e-02	6.9784510e-01	4.5948926e-01	2.3835585e-01
3.1750000e+03	1.1064871e-01	1.3714367e-02	6.9784164e-01	4.5956951e-01	2.3827212e-01
3.2000000e+03	1.1088687e-01	1.3710300e-02	6.9832367e-01	4.6004871e-01	2.3827496e-01
3.2250000e+03	1.1099983e-01	1.3717995e-02	6.9828832e-01	4.6014398e-01	2.3814434e-01
3.2500000e+03	1.1096004e-01	1.3683858e-02	6.9830024e-01	4.6011016e-01	2.3819008e-01
3.2750000e+03	1.1060751e-01	1.3579795e-02	6.9751829e-01	4.5936665e-01	2.3815164e-01
3.3000000e+03	1.1029707e-01	1.3450623e-02	6.9699252e-01	4.5879334e-01	2.3819919e-01
3.3250000e+03	1.1017507e-01	1.3424499e-02	6.9659811e-01	4.5847413e-01	2.3812398e-01
3.3500000e+03	1.1039165e-01	1.3462241e-02	6.9704759e-01	4.5891544e-01	2.3813215e-01
3.3750000e+03	1.1071534e-01	1.3552302e-02	6.9770509e-01	4.5956790e-01	2.3813720e-01
3.4000000e+03	1.1129348e-01	1.3690852e-02	6.9894731e-01	4.6076715e-01	2.3818018e-01
3.4250000e+03	1.1184906e-01	1.3826480e-02	7.0008773e-01	4.6189293e-01	2.3819479e-01
3.4500000e+03	1.1209767e-01	1.3884680e-02	7.0077312e-01	4.6248424e-01	2.3828889e-01
3.4750000e+03	1.1147867e-01	1.3761920e-02	6.9982040e-01	4.6138889e-01	2.3843153e-01
3.5000000e+03	1.1118981e-01	1.3702667e-02	6.9933027e-01	4.6085495e-01	2.3847532e-01
3.5250000e+03	1.1100173e-01	1.3672349e-02	6.9893026e-01	4.6046686e-01	2.3846340e-01
3.5500000e+03	1.1128832e-01	1.3734121e-02	6.9962251e-01	4.6109957e-01	2.3852293e-01
3.5750000e+03	1.1160673e-01	1.3758858e-02	7.0019084e-01	4.6170217e-01	2.3848869e-01
3.6000000e+03	1.1195774e-01	1.3803639e-02	7.0119745e-01	4.6255648e-01	2.3864098e-01
3.6250000e+03	1.1207078e-01	1.3833381e-02	7.0149308e-01	4.6281731e-01	2.3867577e-01
3.6500000e+03	1.1201915e-01	1.3829411e-02	7.0160908e-01	4.6282369e-01	2.3878539e-01
3.6750000e+03	1.1172839e-01	1.3798762e-02	7.0110428e-01	4.6228051e-01	2.3882376e-01
3.7000000e+03	1.1171816e-01	1.3823963e-02	7.0119828e-01	4.6231729e-01	2.3888099e-01
3.7250000e+03	1.1192285e-01	1.3858384e-02	7.0157176e-01	4.6270874e-01	2.3886302e-01
3.7500000e+03	1.1232724e-01	1.3946400e-02	7.0259511e-01	4.6362481e-01	2.3897031e-01
3.7750000e+03	1.1250274e-01	1.3948607e-02	7.0305008e-01	4.6402776e-01	2.3902230e-01
3.8000000e+03	1.1243369e-01	1.3863361e-02	7.0329899e-01	4.6408319e-01	2.3921581e-01
3.8250000e+03	1.1186476e-01	1.3722408e-02	7.0232105e-01	4.6302527e-01	2.3929577e-01
3.8500000e+03	1.1157241e-01	1.3673956e-02	7.0194918e-01	4.6254700e-01	2.3940217e-01
3.8750000e+03	1.1165356e-01	1.3732409e-02	7.0205349e-01	4.6268031e-01	2.3937318e-01
3.9000000e+03	1.1200708e-01	1.3826790e-02	7.0287424e-01	4.6344420e-01	2.3943004e-01
3.9250000e+03	1.1223839e-01	1.3873119e-02	7.0343167e-01	4.6395421e-01	2.3947744e-01
3.9500000e+03	1.1246417e-01	1.3931083e-02	7.0417368e-01	4.6455103e-01	2.3962267e-01
3.9750000e+03	1.1261563e-01	1.3972738e-02	7.0456159e-01	4.6489644e-01	2.3966517e-01
4.0000000e+03	1.1280672e-01	1.4028556e-02	7.0518249e-01	4.6539795e-01	2.3978454e-01
4.0250000e+03	1.1284962e-01	1.4077540e-02	7.0534074e-01	4.6551999e-01	2.3982075e-01
4.0500000e+03	1.1298461e-01	1.4101370e-02	7.0572978e-01	4.6584949e-01	2.3988029e-01
4.0750000e+03	1.1307106e-01	1.4093759e-02	7.0593864e-01	4.6604037e-01	2.3989826e-01
4.1000000e+03	1.1303458e-01	1.4049645e-02	7.0605445e-01	4.6606180e-01	2.3999265e-01
4.1250000e+03	1.1266093e-01	1.3915994e-02	7.0533270e-01	4.6532726e-01	2.4000542e-01
4.1500000e+03	1.1234383e-01	1.3790835e-02	7.0480251e-01	4.6474510e-01	2.4005742e-01
4.1750000e+03	1.1194369e-01	1.3602560e-02	7.0389360e-01	4.6389049e-01	2.4000311e-01
4.2000000e+03	1.1169494e-01	1.3497366e-02	7.0350492e-01	4.6344739e-01	2.4005753e-01
4.2250000e+03	1.1151004e-01	1.3461161e-02	7.0310152e-01	4.6306080e-01	2.4004072e-01
4.2500000e+03	1.1160523e-01	1.3483961e-02	7.0333868e-01	4.6327457e-01	2.4006411e-01
4.2750000e+03	1.1171120e-01	1.3465203e-02	7.0356113e-01	4.6349177e-01	2.4006936e-01
4.3000000e+03	1.1189786e-01	1.3486250e-02	7.0410722e-01	4.6395147e-01	2.4015576e-01
4.3250000e+03	1.1198954e-01	1.3505193e-02	7.0422894e-01	4.6410400e-01	2.4012494e-01
4.3500000e+03	1.1215071e-01	1.3552982e-02	7.0480937e-01	4.6455538e-01	2.4025398e-01
4.3750000e+03	1.1233362e-01	1.3559282e-02	7.0507503e-01	4.6487114e-01	2.4020389e-01
4.4000000e+03	1.1249296e-01	1.3574743e-02	7.0558488e-01	4.6528539e-01	2.4029949e-01
4.4250000e+03	1.1256108e-01	1.3612134e-02	7.0562911e-01	4.6537563e-01	2.4025348e-01
4.4500000e+03	1.1277332e-01	1.3685081e-02	7.0615989e-01	4.6585327e-01	2.4030662e-01
4.4750000e+03	1.1294569e-01	1.3751823e-02	7.0638227e-01	4.6613681e-01	2.4024545e-01
4.5000000e+03	1.1310500e-01	1.3767783e-02	7.0682484e-01	4.6651742e-01	2.4030742e-01
