# Force coefficients
# liftDir     : (0.0000000e+00 1.0000000e+00 0.0000000e+00)
# dragDir     : (1.0000000e+00 0.0000000e+00 0.0000000e+00)
# pitchAxis   : (0.0000000e+00 0.0000000e+00 1.0000000e+00)
# magUInf     : 3.6089199e+01
# lRef        : 9.0219998e-01
# Aref        : 4.5109998e-02
# CofR        : (2.2555199e-01 0.0000000e+00 0.0000000e+00)
# Time        	Cm            	Cd            	Cl            	Cl(f)         	Cl(r)         	Cm	Cd	Cl	Cl(f)	Cl(r)
2.5000000e+01	9.5658109e-02	2.5119510e-01	1.0858314e+00	6.3857383e-01	4.4725758e-01
5.0000000e+01	1.3598447e-01	3.0547687e-01	1.3027613e+00	7.8736514e-01	5.1539618e-01
7.5000000e+01	1.2006112e-01	2.9204553e-01	1.3420585e+00	7.9109037e-01	5.5096817e-01
1.0000000e+02	1.2324110e-01	2.9674962e-01	1.4196997e+00	8.3309096e-01	5.8660871e-01
1.2500000e+02	1.3046157e-01	3.0458203e-01	1.5081517e+00	8.8453740e-01	6.2361425e-01
1.5000000e+02	1.4069985e-01	3.1496060e-01	1.6102004e+00	9.4580007e-01	6.6440034e-01
1.7500000e+02	1.4399727e-01	3.1422967e-01	1.6943599e+00	9.9117720e-01	7.0318270e-01
2.0000000e+02	1.4665240e-01	3.0993408e-01	1.7738117e+00	1.0335582e+00	7.4025345e-01
2.2500000e+02	1.4762734e-01	3.0170807e-01	1.8426338e+00	1.0689442e+00	7.7368957e-01
2.5000000e+02	1.4791557e-01	2.9147303e-01	1.9039496e+00	1.0998904e+00	8.0405927e-01
2.7500000e+02	1.4734268e-01	2.7965912e-01	1.9567723e+00	1.1257288e+00	8.3104348e-01
3.0000000e+02	1.4685276e-01	2.6791570e-01	2.0055957e+00	1.1496506e+00	8.5594511e-01
3.2500000e+02	1.4711359e-01	2.5759786e-01	2.0528717e+00	1.1735494e+00	8.7932229e-01
3.5000000e+02	1.4762795e-01	2.4847914e-01	2.0957901e+00	1.1955230e+00	9.0026712e-01
3.7500000e+02	1.4511493e-01	2.3636413e-01	2.1194651e+00	1.2048475e+00	9.1461766e-01
4.0000000e+02	1.4101613e-01	2.2363761e-01	2.1283956e+00	1.2052139e+00	9.2318165e-01
4.2500000e+02	1.3746415e-01	2.1383879e-01	2.1323268e+00	1.2036276e+00	9.2869925e-01
4.5000000e+02	1.3449763e-01	2.0697306e-01	2.1340432e+00	1.2015193e+00	9.3252397e-01
4.7500000e+02	1.3219029e-01	2.0256424e-01	2.1352353e+00	1.1998079e+00	9.3542737e-01
5.0000000e+02	1.3043147e-01	1.9962934e-01	2.1353092e+00	1.1980860e+00	9.3722314e-01
5.2500000e+02	1.2860228e-01	1.9717452e-01	2.1298680e+00	1.1935363e+00	9.3633175e-01
5.5000000e+02	1.2655549e-01	1.9526331e-01	2.1152394e+00	1.1841751e+00	9.3106419e-01
5.7500000e+02	1.2571143e-01	1.9528027e-01	2.0921028e+00	1.1717628e+00	9.2033994e-01
6.0000000e+02	1.2757280e-01	1.9707166e-01	2.0603487e+00	1.1577471e+00	9.0260160e-01
6.2500000e+02	1.3917013e-01	2.1164759e-01	2.0560243e+00	1.1671823e+00	8.8884205e-01
6.5000000e+02	1.4977619e-01	2.2529580e-01	2.0516577e+00	1.1756051e+00	8.7605262e-01
6.7500000e+02	1.6059791e-01	2.3883767e-01	2.0464284e+00	1.1838121e+00	8.6261630e-01
7.0000000e+02	1.7185068e-01	2.5262907e-01	2.0388966e+00	1.1912990e+00	8.4759760e-01
7.2500000e+02	1.8357901e-01	2.6655930e-01	2.0258703e+00	1.1965141e+00	8.2935613e-01
7.5000000e+02	1.9629280e-01	2.8128791e-01	2.0067003e+00	1.1996429e+00	8.0705732e-01
7.7500000e+02	2.0844254e-01	2.9606330e-01	1.9793571e+00	1.1981211e+00	7.8123605e-01
8.0000000e+02	2.2082005e-01	3.1140301e-01	1.9432523e+00	1.1924462e+00	7.5080609e-01
8.2500000e+02	2.3714633e-01	3.3122277e-01	1.9092799e+00	1.1917863e+00	7.1749365e-01
8.5000000e+02	2.6363260e-01	3.5986039e-01	1.8904160e+00	1.2088406e+00	6.8157542e-01
8.7500000e+02	3.1338838e-01	4.0956160e-01	1.9168054e+00	1.2717911e+00	6.4501429e-01
9.0000000e+02	3.8508663e-01	4.8053029e-01	2.0039325e+00	1.3870529e+00	6.1687958e-01
9.2500000e+02	4.2571035e-01	5.2170610e-01	2.0566900e+00	1.4540553e+00	6.0263467e-01
9.5000000e+02	4.1914165e-01	5.1909351e-01	2.0019939e+00	1.4201386e+00	5.8185530e-01
9.7500000e+02	3.7722924e-01	4.8255005e-01	1.8395147e+00	1.2969866e+00	5.4252815e-01
1.0000000e+03	3.3559355e-01	4.4591427e-01	1.6629773e+00	1.1670822e+00	4.9589512e-01
1.0250000e+03	3.0571201e-01	4.2293870e-01	1.4961407e+00	1.0537823e+00	4.4235834e-01
1.0500000e+03	3.0272880e-01	4.2554078e-01	1.3607018e+00	9.8307967e-01	3.7762210e-01
1.0750000e+03	3.1885010e-01	4.4282877e-01	1.2595806e+00	9.4864041e-01	3.1094021e-01
1.1000000e+03	3.3534661e-01	4.5913166e-01	1.1785492e+00	9.2462122e-01	2.5392798e-01
1.1250000e+03	3.4095159e-01	4.6819037e-01	1.1082716e+00	8.9508736e-01	2.1318421e-01
1.1500000e+03	3.3110830e-01	4.6441528e-01	1.0345132e+00	8.4836495e-01	1.8614832e-01
1.1750000e+03	3.1112882e-01	4.5247456e-01	9.6542168e-01	7.9383969e-01	1.7158201e-01
1.2000000e+03	2.8246570e-01	4.3259487e-01	9.0028542e-01	7.3260844e-01	1.6767702e-01
1.2250000e+03	2.4993980e-01	4.0901169e-01	8.4578919e-01	6.7283440e-01	1.7295480e-01
1.2500000e+03	2.1749566e-01	3.8385895e-01	8.0131006e-01	6.1815071e-01	1.8315937e-01
1.2750000e+03	1.7914517e-01	3.4985051e-01	7.4697834e-01	5.5263436e-01	1.9434400e-01
1.3000000e+03	1.3255636e-01	3.0507100e-01	6.7799610e-01	4.7155440e-01	2.0644169e-01
1.3250000e+03	9.9055693e-02	2.7333978e-01	6.4071846e-01	4.1941494e-01	2.2130354e-01
1.3500000e+03	1.1342488e-01	2.9181400e-01	7.1455467e-01	4.7070223e-01	2.4385245e-01
1.3750000e+03	1.7980485e-01	3.5565379e-01	8.7815279e-01	6.1888123e-01	2.5927156e-01
1.4000000e+03	2.5966427e-01	4.2353740e-01	1.0418695e+00	7.8059900e-01	2.6127049e-01
1.4250000e+03	2.8286481e-01	4.3448746e-01	1.0841848e+00	8.2495719e-01	2.5922757e-01
1.4500000e+03	2.5721124e-01	4.1216987e-01	1.0319840e+00	7.7320325e-01	2.5878075e-01
1.4750000e+03	2.3247056e-01	3.9028430e-01	9.8218209e-01	7.2356158e-01	2.5862050e-01
1.5000000e+03	2.1975975e-01	3.8057712e-01	9.7155571e-01	7.0553762e-01	2.6601809e-01
1.5250000e+03	1.9761442e-01	3.6047199e-01	9.5333648e-01	6.7428267e-01	2.7905381e-01
1.5500000e+03	1.6552444e-01	3.2509422e-01	9.0845507e-01	6.1975199e-01	2.8870308e-01
1.5750000e+03	1.1609715e-01	2.6434097e-01	8.0240893e-01	5.1730162e-01	2.8510731e-01
1.6000000e+03	8.8731945e-02	2.2933511e-01	7.6463354e-01	4.7104871e-01	2.9358482e-01
1.6250000e+03	7.1407147e-02	2.0665780e-01	7.6503241e-01	4.5392334e-01	3.1110907e-01
1.6500000e+03	5.8390796e-02	1.8853395e-01	7.8276205e-01	4.4977182e-01	3.3299023e-01
1.6750000e+03	5.9115972e-02	1.8543018e-01	8.4102613e-01	4.7962904e-01	3.6139709e-01
1.7000000e+03	7.0587225e-02	1.9258714e-01	9.1279620e-01	5.2698535e-01	3.8581088e-01
1.7250000e+03	7.7965669e-02	1.9283235e-01	9.4749528e-01	5.5171329e-01	3.9578196e-01
1.7500000e+03	7.5891897e-02	1.8038590e-01	9.3451411e-01	5.4314893e-01	3.9136517e-01
1.7750000e+03	7.5014777e-02	1.6873986e-01	9.1829556e-01	5.3416258e-01	3.8413301e-01
1.8000000e+03	7.7410214e-02	1.6492292e-01	9.1259104e-01	5.3370571e-01	3.7888530e-01
1.8250000e+03	8.0034897e-02	1.6882372e-01	9.1802925e-01	5.3904951e-01	3.7897974e-01
1.8500000e+03	7.5193860e-02	1.7081554e-01	9.1906476e-01	5.3472626e-01	3.8433853e-01
1.8750000e+03	7.1674958e-02	1.7898153e-01	9.1356653e-01	5.2845824e-01	3.8510829e-01
1.9000000e+03	7.4395575e-02	1.9502211e-01	8.9857620e-01	5.2368367e-01	3.7489253e-01
1.9250000e+03	7.0711479e-02	2.0290948e-01	8.6707091e-01	5.0424695e-01	3.6282396e-01
1.9500000e+03	6.6155635e-02	2.0434284e-01	8.5678613e-01	4.9454871e-01	3.6223742e-01
1.9750000e+03	6.7141600e-02	2.0770478e-01	8.8810188e-01	5.1119256e-01	3.7690935e-01
2.0000000e+03	7.4924789e-02	2.1484849e-01	9.5552188e-01	5.5268574e-01	4.0283614e-01
