# Force coefficients
# liftDir     : (0.0000000e+00 1.0000000e+00 0.0000000e+00)
# dragDir     : (1.0000000e+00 0.0000000e+00 0.0000000e+00)
# pitchAxis   : (0.0000000e+00 0.0000000e+00 1.0000000e+00)
# magUInf     : 3.6089199e+01
# lRef        : 9.0219998e-01
# Aref        : 4.5109998e-02
# CofR        : (2.2555199e-01 0.0000000e+00 0.0000000e+00)
# Time        	Cm            	Cd            	Cl            	Cl(f)         	Cl(r)         	Cm	Cd	Cl	Cl(f)	Cl(r)
2.0250000e+03	5.2770846e-02	1.0259848e-01	1.3998665e+00	7.5270408e-01	6.4716238e-01
2.0500000e+03	6.0179844e-02	1.0698379e-01	1.4333797e+00	7.7686965e-01	6.5651000e-01
2.0750000e+03	6.7772716e-02	1.1432935e-01	1.4679265e+00	8.0173600e-01	6.6619051e-01
2.1000000e+03	6.7973651e-02	1.1580332e-01	1.4811859e+00	8.0856663e-01	6.7261928e-01
2.1250000e+03	6.3553505e-02	1.1316479e-01	1.4767643e+00	8.0193567e-01	6.7482865e-01
2.1500000e+03	6.0142066e-02	1.1142539e-01	1.4684613e+00	7.9437268e-01	6.7408860e-01
2.1750000e+03	5.8569431e-02	1.1103933e-01	1.4565742e+00	7.8685653e-01	6.6971767e-01
2.2000000e+03	5.8983471e-02	1.1245124e-01	1.4438633e+00	7.8091508e-01	6.6294819e-01
2.2250000e+03	6.3353717e-02	1.1807502e-01	1.4403844e+00	7.8354591e-01	6.5683848e-01
2.2500000e+03	7.0216082e-02	1.2661257e-01	1.4456497e+00	7.9304093e-01	6.5260881e-01
2.2750000e+03	8.1016541e-02	1.4080687e-01	1.4683059e+00	8.1516951e-01	6.5313643e-01
2.3000000e+03	8.5740149e-02	1.4919326e-01	1.4828970e+00	8.2718867e-01	6.5570837e-01
2.3250000e+03	8.3126940e-02	1.4851925e-01	1.4827466e+00	8.2450026e-01	6.5824634e-01
2.3500000e+03	7.4710429e-02	1.3901280e-01	1.4680413e+00	8.0873108e-01	6.5931022e-01
2.3750000e+03	7.3370576e-02	1.3500673e-01	1.4728971e+00	8.0981910e-01	6.6307795e-01
2.4000000e+03	7.8158014e-02	1.3650261e-01	1.4963334e+00	8.2632470e-01	6.7000866e-01
2.4250000e+03	8.3570369e-02	1.3881536e-01	1.5237103e+00	8.4542549e-01	6.7828476e-01
2.4500000e+03	8.5660078e-02	1.3850787e-01	1.5432262e+00	8.5727322e-01	6.8595302e-01
2.4750000e+03	8.5949659e-02	1.3772522e-01	1.5545787e+00	8.6323899e-01	6.9133967e-01
2.5000000e+03	8.2385898e-02	1.3275532e-01	1.5510191e+00	8.5789543e-01	6.9312364e-01
2.5250000e+03	7.8830115e-02	1.2602048e-01	1.5399084e+00	8.4878433e-01	6.9112408e-01
2.5500000e+03	7.7124268e-02	1.2040903e-01	1.5270869e+00	8.4066772e-01	6.8641913e-01
2.5750000e+03	8.2434513e-02	1.2414435e-01	1.5321392e+00	8.4850413e-01	6.8363506e-01
2.6000000e+03	8.5927144e-02	1.2766582e-01	1.5365459e+00	8.5420007e-01	6.8234581e-01
2.6250000e+03	8.7384023e-02	1.3011111e-01	1.5405662e+00	8.5766715e-01	6.8289906e-01
2.6500000e+03	9.2849657e-02	1.3754559e-01	1.5587810e+00	8.7224019e-01	6.8654084e-01
2.6750000e+03	9.4441973e-02	1.3806292e-01	1.5659720e+00	8.7742794e-01	6.8854403e-01
2.7000000e+03	9.5519364e-02	1.3646834e-01	1.5717552e+00	8.8139695e-01	6.9035822e-01
2.7250000e+03	9.5830567e-02	1.3642500e-01	1.5824492e+00	8.8705516e-01	6.9539404e-01
2.7500000e+03	8.4555753e-02	1.2621903e-01	1.5689881e+00	8.6904979e-01	6.9993830e-01
2.7750000e+03	6.4828053e-02	1.0660305e-01	1.5249286e+00	8.2729232e-01	6.9763625e-01
2.8000000e+03	5.4948192e-02	9.6454322e-02	1.5015994e+00	8.0574793e-01	6.9585150e-01
2.8250000e+03	5.0336499e-02	9.1785960e-02	1.4949665e+00	7.9781973e-01	6.9714677e-01
2.8500000e+03	4.7460731e-02	8.8797048e-02	1.4888000e+00	7.9186076e-01	6.9693929e-01
2.8750000e+03	5.2174926e-02	9.4247304e-02	1.5031108e+00	8.0373031e-01	6.9938046e-01
2.9000000e+03	6.3097984e-02	1.0661556e-01	1.5352002e+00	8.3069813e-01	7.0450211e-01
2.9250000e+03	6.8471722e-02	1.1443201e-01	1.5549295e+00	8.4593648e-01	7.0899302e-01
2.9500000e+03	5.9704024e-02	1.0776037e-01	1.5382019e+00	8.2880497e-01	7.0939696e-01
2.9750000e+03	3.6069520e-02	8.2599461e-02	1.4695584e+00	7.7084869e-01	6.9870967e-01
3.0000000e+03	3.2956503e-02	7.6818869e-02	1.4541683e+00	7.6004064e-01	6.9412768e-01
3.0250000e+03	5.5514321e-02	9.3815215e-02	1.5008632e+00	8.0594593e-01	6.9491726e-01
3.0500000e+03	8.4196024e-02	1.1694460e-01	1.5695364e+00	8.6896425e-01	7.0057219e-01
3.0750000e+03	1.0420240e-01	1.3442235e-01	1.6247038e+00	9.1655427e-01	7.0814949e-01
3.1000000e+03	9.9604063e-02	1.3173617e-01	1.6214914e+00	9.1034979e-01	7.1114165e-01
3.1250000e+03	7.1312070e-02	1.0997487e-01	1.5648918e+00	8.5375798e-01	7.1113384e-01
3.1500000e+03	3.4298204e-02	8.1640549e-02	1.4921818e+00	7.8038907e-01	7.1179271e-01
3.1750000e+03	1.2491018e-02	6.7684293e-02	1.4529687e+00	7.3897541e-01	7.1399331e-01
3.2000000e+03	2.2213256e-02	7.7228434e-02	1.4778874e+00	7.6115698e-01	7.1673042e-01
3.2250000e+03	4.5853671e-02	9.5393553e-02	1.5271930e+00	8.0945015e-01	7.1774280e-01
3.2500000e+03	7.7722140e-02	1.2141537e-01	1.5955602e+00	8.7550223e-01	7.2005796e-01
3.2750000e+03	9.7443365e-02	1.3737427e-01	1.6371180e+00	9.1600233e-01	7.2111565e-01
3.3000000e+03	1.0364824e-01	1.4501220e-01	1.6589190e+00	9.3310773e-01	7.2581124e-01
3.3250000e+03	1.0347930e-01	1.4991234e-01	1.6720496e+00	9.3950415e-01	7.3254550e-01
3.3500000e+03	9.9685788e-02	1.4895239e-01	1.6748213e+00	9.3709642e-01	7.3772484e-01
3.3750000e+03	9.0023816e-02	1.3727669e-01	1.6536009e+00	9.1682428e-01	7.3677665e-01
3.4000000e+03	8.1082277e-02	1.2621067e-01	1.6296698e+00	8.9591718e-01	7.3375261e-01
3.4250000e+03	7.0363820e-02	1.1631368e-01	1.6074361e+00	8.7408185e-01	7.3335421e-01
3.4500000e+03	5.9720945e-02	1.0721272e-01	1.5870185e+00	8.5323018e-01	7.3378831e-01
3.4750000e+03	6.3301004e-02	1.1042313e-01	1.6008118e+00	8.6370695e-01	7.3710489e-01
3.5000000e+03	7.4367747e-02	1.2027070e-01	1.6315958e+00	8.9016569e-01	7.4143016e-01
3.5250000e+03	8.1272386e-02	1.2659773e-01	1.6551586e+00	9.0885168e-01	7.4630696e-01
3.5500000e+03	7.6427355e-02	1.2077793e-01	1.6520174e+00	9.0243602e-01	7.4958134e-01
3.5750000e+03	6.8513297e-02	1.1331163e-01	1.6442198e+00	8.9062315e-01	7.5359660e-01
3.6000000e+03	6.4996533e-02	1.1121056e-01	1.6484246e+00	8.8920885e-01	7.5921577e-01
3.6250000e+03	7.2092272e-02	1.1607238e-01	1.6720685e+00	9.0812653e-01	7.6394194e-01
3.6500000e+03	8.1107117e-02	1.1965748e-01	1.6914730e+00	9.2684364e-01	7.6462936e-01
3.6750000e+03	8.6130716e-02	1.2019520e-01	1.6992182e+00	9.3573982e-01	7.6347834e-01
3.7000000e+03	8.5780412e-02	1.1839993e-01	1.7014542e+00	9.3650746e-01	7.6494670e-01
3.7250000e+03	7.9851590e-02	1.1375856e-01	1.6963896e+00	9.2804635e-01	7.6834321e-01
3.7500000e+03	7.6785989e-02	1.1339961e-01	1.7013965e+00	9.2748421e-01	7.7391225e-01
3.7750000e+03	8.0248415e-02	1.1693361e-01	1.7198156e+00	9.4015622e-01	7.7965939e-01
3.8000000e+03	7.3033795e-02	1.0626505e-01	1.7010292e+00	9.2354840e-01	7.7748078e-01
3.8250000e+03	6.6402808e-02	9.6495032e-02	1.6770906e+00	9.0494812e-01	7.7214253e-01
3.8500000e+03	6.0205176e-02	9.0209469e-02	1.6659274e+00	8.9316887e-01	7.7275854e-01
3.8750000e+03	5.4143671e-02	8.6802855e-02	1.6611797e+00	8.8473350e-01	7.7644616e-01
3.9000000e+03	6.1981868e-02	9.5508955e-02	1.6902477e+00	9.0710568e-01	7.8314197e-01
3.9250000e+03	8.0108374e-02	1.1162681e-01	1.7402822e+00	9.5024943e-01	7.9003274e-01
3.9500000e+03	8.5727364e-02	1.1433518e-01	1.7565500e+00	9.6400237e-01	7.9254758e-01
3.9750000e+03	7.9906404e-02	1.0696694e-01	1.7406745e+00	9.5024365e-01	7.9043084e-01
4.0000000e+03	7.2157338e-02	1.0070302e-01	1.7287056e+00	9.3651015e-01	7.9219550e-01
4.0250000e+03	7.0492759e-02	1.0074233e-01	1.7315453e+00	9.3626541e-01	7.9527992e-01
4.0500000e+03	7.4973233e-02	1.0455818e-01	1.7437435e+00	9.4684500e-01	7.9689854e-01
4.0750000e+03	7.1850523e-02	9.8804772e-02	1.7324772e+00	9.3808913e-01	7.9438806e-01
4.1000000e+03	7.1198709e-02	9.7618796e-02	1.7307030e+00	9.3655020e-01	7.9415280e-01
4.1250000e+03	6.5168120e-02	9.3428351e-02	1.7196540e+00	9.2499512e-01	7.9465884e-01
4.1500000e+03	6.5913528e-02	9.7036898e-02	1.7248826e+00	9.2835486e-01	7.9652774e-01
4.1750000e+03	7.8260973e-02	1.1025419e-01	1.7557929e+00	9.5615739e-01	7.9963547e-01
4.2000000e+03	8.8683628e-02	1.2000576e-01	1.7804043e+00	9.7888577e-01	8.0151856e-01
4.2250000e+03	8.0849126e-02	1.0998873e-01	1.7565184e+00	9.5910829e-01	7.9741007e-01
4.2500000e+03	7.2010048e-02	1.0135379e-01	1.7414327e+00	9.4272637e-01	7.9870629e-01
4.2750000e+03	6.7830026e-02	9.7191006e-02	1.7404909e+00	9.3807548e-01	8.0241543e-01
4.3000000e+03	7.4596263e-02	1.0313710e-01	1.7665166e+00	9.5785457e-01	8.0866200e-01
4.3250000e+03	7.8557782e-02	1.0601077e-01	1.7837582e+00	9.7043687e-01	8.1332129e-01
4.3500000e+03	7.0915774e-02	9.7010009e-02	1.7671715e+00	9.5450151e-01	8.1266999e-01
4.3750000e+03	5.8677107e-02	8.4993675e-02	1.7351832e+00	9.2626870e-01	8.0891454e-01
4.4000000e+03	5.8857977e-02	8.6080030e-02	1.7364577e+00	9.2708683e-01	8.0937088e-01
4.4250000e+03	7.4300952e-02	1.0029083e-01	1.7730094e+00	9.6080565e-01	8.1220376e-01
4.4500000e+03	8.7911509e-02	1.1246011e-01	1.8069421e+00	9.9138254e-01	8.1555957e-01
4.4750000e+03	8.2852788e-02	1.0598177e-01	1.7945027e+00	9.8010415e-01	8.1439859e-01
4.5000000e+03	6.9565728e-02	9.3193971e-02	1.7654681e+00	9.5229977e-01	8.1316835e-01
