# Force coefficients
# liftDir     : (0.0000000e+00 1.0000000e+00 0.0000000e+00)
# dragDir     : (1.0000000e+00 0.0000000e+00 0.0000000e+00)
# pitchAxis   : (0.0000000e+00 0.0000000e+00 1.0000000e+00)
# magUInf     : 3.6089199e+01
# lRef        : 9.0219998e-01
# Aref        : 4.5109998e-02
# CofR        : (2.2555199e-01 0.0000000e+00 0.0000000e+00)
# Time        	Cm            	Cd            	Cl            	Cl(f)         	Cl(r)         	Cm	Cd	Cl	Cl(f)	Cl(r)
2.5000000e+01	8.1782080e-02	1.9190747e-01	9.4404024e-01	5.5380219e-01	3.9023805e-01
5.0000000e+01	1.1670981e-01	2.2753964e-01	1.1335452e+00	6.8348241e-01	4.5006278e-01
7.5000000e+01	1.1054331e-01	2.2198370e-01	1.1836095e+00	7.0234805e-01	4.8126143e-01
1.0000000e+02	1.1509597e-01	2.2666402e-01	1.2564790e+00	7.4333549e-01	5.1314354e-01
1.2500000e+02	1.2405884e-01	2.3482731e-01	1.3428539e+00	7.9548579e-01	5.4736811e-01
1.5000000e+02	1.3218088e-01	2.4135101e-01	1.4326844e+00	8.4852308e-01	5.8416134e-01
1.7500000e+02	1.3575102e-01	2.4088344e-01	1.5110967e+00	8.9129937e-01	6.1979735e-01
2.0000000e+02	1.3877070e-01	2.3786917e-01	1.5862167e+00	9.3187904e-01	6.5433764e-01
2.2500000e+02	1.3991538e-01	2.3146005e-01	1.6513258e+00	9.6557832e-01	6.8574750e-01
2.5000000e+02	1.4026508e-01	2.2327526e-01	1.7095879e+00	9.9505901e-01	7.1452892e-01
2.7500000e+02	1.3975526e-01	2.1373448e-01	1.7604882e+00	1.0199994e+00	7.4048883e-01
3.0000000e+02	1.3962671e-01	2.0454772e-01	1.8094749e+00	1.0443642e+00	7.6511073e-01
3.2500000e+02	1.4011639e-01	1.9641830e-01	1.8570626e+00	1.0686476e+00	7.8841490e-01
3.5000000e+02	1.3983205e-01	1.8812029e-01	1.8966035e+00	1.0881338e+00	8.0846965e-01
3.7500000e+02	1.3701354e-01	1.7779109e-01	1.9195536e+00	1.0967903e+00	8.2276326e-01
4.0000000e+02	1.3380449e-01	1.6827793e-01	1.9340103e+00	1.1008096e+00	8.3320063e-01
4.2500000e+02	1.3067508e-01	1.6037016e-01	1.9433457e+00	1.1023479e+00	8.4099776e-01
4.5000000e+02	1.2820108e-01	1.5447468e-01	1.9516375e+00	1.1040199e+00	8.4761769e-01
4.7500000e+02	1.2626547e-01	1.4999723e-01	1.9596766e+00	1.1061038e+00	8.5357285e-01
5.0000000e+02	1.2472063e-01	1.4641613e-01	1.9669341e+00	1.1081877e+00	8.5874641e-01
5.2500000e+02	1.2294926e-01	1.4327173e-01	1.9695739e+00	1.1077362e+00	8.6183769e-01
5.5000000e+02	1.2096143e-01	1.4097209e-01	1.9669915e+00	1.1044571e+00	8.6253434e-01
5.7500000e+02	1.1855734e-01	1.3913582e-01	1.9594282e+00	1.0982715e+00	8.6115676e-01
6.0000000e+02	1.1589301e-01	1.3726866e-01	1.9495295e+00	1.0906578e+00	8.5887176e-01
6.2500000e+02	1.1243282e-01	1.3431579e-01	1.9365470e+00	1.0807064e+00	8.5584068e-01
6.5000000e+02	1.0768030e-01	1.2970938e-01	1.9195876e+00	1.0674741e+00	8.5211349e-01
6.7500000e+02	9.9995345e-02	1.2212251e-01	1.8921850e+00	1.0460879e+00	8.4609711e-01
7.0000000e+02	9.8122157e-02	1.1874678e-01	1.8693124e+00	1.0327784e+00	8.3653402e-01
7.2500000e+02	1.0153618e-01	1.2018470e-01	1.8541498e+00	1.0286111e+00	8.2553875e-01
7.5000000e+02	1.0599907e-01	1.2342904e-01	1.8405738e+00	1.0262860e+00	8.1428784e-01
7.7500000e+02	1.0833516e-01	1.2564644e-01	1.8206459e+00	1.0186582e+00	8.0198783e-01
8.0000000e+02	1.0745098e-01	1.2598056e-01	1.7921342e+00	1.0035181e+00	7.8861612e-01
8.2500000e+02	1.0485478e-01	1.2545270e-01	1.7570652e+00	9.8338735e-01	7.7367783e-01
8.5000000e+02	1.0510983e-01	1.2759258e-01	1.7246855e+00	9.6745259e-01	7.5723296e-01
8.7500000e+02	1.1296090e-01	1.3629936e-01	1.7049391e+00	9.6543044e-01	7.3950869e-01
9.0000000e+02	1.2656938e-01	1.5069143e-01	1.6973861e+00	9.7526246e-01	7.2212368e-01
9.2500000e+02	1.3125712e-01	1.5848613e-01	1.6698281e+00	9.6617115e-01	7.0365691e-01
9.5000000e+02	1.1389212e-01	1.4743468e-01	1.5867107e+00	9.0724748e-01	6.7946321e-01
9.7500000e+02	9.2410199e-02	1.3054593e-01	1.4796871e+00	8.3225375e-01	6.4743334e-01
1.0000000e+03	9.8541014e-02	1.3849360e-01	1.4409182e+00	8.1900012e-01	6.2191808e-01
1.0250000e+03	1.2019076e-01	1.6215925e-01	1.4536234e+00	8.4700245e-01	6.0662097e-01
1.0500000e+03	1.4838015e-01	1.9025542e-01	1.4784929e+00	8.8762659e-01	5.9086627e-01
1.0750000e+03	1.8382703e-01	2.2283368e-01	1.5137233e+00	9.4068867e-01	5.7303458e-01
1.1000000e+03	2.0731784e-01	2.4673393e-01	1.5236967e+00	9.6916616e-01	5.5453050e-01
1.1250000e+03	1.9694535e-01	2.4609512e-01	1.4545453e+00	9.2421800e-01	5.3032726e-01
1.1500000e+03	1.3605343e-01	2.0593947e-01	1.2647125e+00	7.6840967e-01	4.9630278e-01
1.1750000e+03	9.5432170e-02	1.7670339e-01	1.0970209e+00	6.4394259e-01	4.5307827e-01
1.2000000e+03	1.0206035e-01	1.8615164e-01	1.0441438e+00	6.2413228e-01	4.2001155e-01
1.2250000e+03	1.3882594e-01	2.2321416e-01	1.1025498e+00	6.9010085e-01	4.1244894e-01
1.2500000e+03	1.5720570e-01	2.4258567e-01	1.1616517e+00	7.3803157e-01	4.2362016e-01
1.2750000e+03	1.6779868e-01	2.4838921e-01	1.1947021e+00	7.6514977e-01	4.2955238e-01
1.3000000e+03	2.0586322e-01	2.7618790e-01	1.2633108e+00	8.3751863e-01	4.2579216e-01
1.3250000e+03	2.5579086e-01	3.1629819e-01	1.3430904e+00	9.2733610e-01	4.1575435e-01
1.3500000e+03	2.6412222e-01	3.2613984e-01	1.3278219e+00	9.2803311e-01	3.9978871e-01
1.3750000e+03	2.1551183e-01	2.9364476e-01	1.1866871e+00	8.0885541e-01	3.7783173e-01
1.4000000e+03	1.6884516e-01	2.6029742e-01	1.0424876e+00	6.9008899e-01	3.5239863e-01
1.4250000e+03	1.5440325e-01	2.5441206e-01	9.6871287e-01	6.3875967e-01	3.2995319e-01
1.4500000e+03	1.5535456e-01	2.5689608e-01	9.4221461e-01	6.2646186e-01	3.1575274e-01
1.4750000e+03	1.4872989e-01	2.4946393e-01	9.2217165e-01	6.0981572e-01	3.1235594e-01
1.5000000e+03	1.2674229e-01	2.2459386e-01	8.7677979e-01	5.6513220e-01	3.1164759e-01
1.5250000e+03	9.6382163e-02	1.9136468e-01	8.1222373e-01	5.0249404e-01	3.0972970e-01
1.5500000e+03	8.3923273e-02	1.7531368e-01	7.9527658e-01	4.8156157e-01	3.1371501e-01
1.5750000e+03	9.3672141e-02	1.7894468e-01	8.2881665e-01	5.0808048e-01	3.2073617e-01
1.6000000e+03	1.2122019e-01	1.9673342e-01	8.8776696e-01	5.6510365e-01	3.2266328e-01
1.6250000e+03	1.5627940e-01	2.2281973e-01	9.5229006e-01	6.3242441e-01	3.1986564e-01
1.6500000e+03	1.7226630e-01	2.3882632e-01	9.5904535e-01	6.5178895e-01	3.0725637e-01
1.6750000e+03	1.4889535e-01	2.2935745e-01	8.7017697e-01	5.8398384e-01	2.8619313e-01
1.7000000e+03	1.2927428e-01	2.2210090e-01	7.9222286e-01	5.2538574e-01	2.6683715e-01
1.7250000e+03	1.4629309e-01	2.4520473e-01	8.1311691e-01	5.5285156e-01	2.6026535e-01
1.7500000e+03	1.4146464e-01	2.4200606e-01	8.1345224e-01	5.4819077e-01	2.6526147e-01
1.7750000e+03	1.2513267e-01	2.2611345e-01	8.0393529e-01	5.2710032e-01	2.7683496e-01
1.8000000e+03	9.0388238e-02	1.9043735e-01	7.5345707e-01	4.6711677e-01	2.8634030e-01
1.8250000e+03	7.0989303e-02	1.6851529e-01	7.3772407e-01	4.3985134e-01	2.9787272e-01
1.8500000e+03	6.6912673e-02	1.5979439e-01	7.4940956e-01	4.4161746e-01	3.0779210e-01
1.8750000e+03	7.5005189e-02	1.6074270e-01	7.8162217e-01	4.6581626e-01	3.1580591e-01
1.9000000e+03	9.0292513e-02	1.6765167e-01	8.2393247e-01	5.0225878e-01	3.2167372e-01
1.9250000e+03	1.1037805e-01	1.8073332e-01	8.7925094e-01	5.5000353e-01	3.2924742e-01
1.9500000e+03	1.2588434e-01	1.9260526e-01	9.3163896e-01	5.9170383e-01	3.3993512e-01
1.9750000e+03	1.2269457e-01	1.8840234e-01	9.3363988e-01	5.8951449e-01	3.4412536e-01
2.0000000e+03	1.1118963e-01	1.7801990e-01	9.1040915e-01	5.6639421e-01	3.4401494e-01
