# Force coefficients
# liftDir     : (0.0000000e+00 1.0000000e+00 0.0000000e+00)
# dragDir     : (1.0000000e+00 0.0000000e+00 0.0000000e+00)
# pitchAxis   : (0.0000000e+00 0.0000000e+00 1.0000000e+00)
# magUInf     : 9.0551201e+01
# lRef        : 9.0219998e-01
# Aref        : 4.5109998e-02
# CofR        : (2.2555199e-01 0.0000000e+00 0.0000000e+00)
# Time        	Cm            	Cd            	Cl            	Cl(f)         	Cl(r)         	Cm	Cd	Cl	Cl(f)	Cl(r)
2.0250000e+03	1.1709000e-01	1.2056457e-02	7.1663380e-01	4.7540689e-01	2.4122690e-01
2.0500000e+03	1.1696955e-01	1.1696145e-02	7.1816546e-01	4.7605228e-01	2.4211317e-01
2.0750000e+03	1.1690427e-01	1.1547843e-02	7.1909398e-01	4.7645128e-01	2.4264272e-01
2.1000000e+03	1.1688861e-01	1.1476414e-02	7.1973526e-01	4.7675624e-01	2.4297902e-01
2.1250000e+03	1.1682808e-01	1.1408991e-02	7.2000378e-01	4.7682998e-01	2.4317381e-01
2.1500000e+03	1.1681665e-01	1.1356786e-02	7.2035509e-01	4.7699419e-01	2.4336091e-01
2.1750000e+03	1.1674359e-01	1.1300764e-02	7.2046918e-01	4.7697818e-01	2.4349099e-01
2.2000000e+03	1.1669172e-01	1.1234351e-02	7.2076553e-01	4.7707450e-01	2.4369104e-01
2.2250000e+03	1.1655492e-01	1.1152528e-02	7.2083491e-01	4.7697237e-01	2.4386254e-01
2.2500000e+03	1.1645667e-01	1.1058294e-02	7.2126412e-01	4.7708875e-01	2.4417539e-01
2.2750000e+03	1.1627943e-01	1.0935788e-02	7.2147858e-01	4.7701871e-01	2.4445987e-01
2.3000000e+03	1.1613724e-01	1.0818782e-02	7.2174203e-01	4.7700825e-01	2.4473378e-01
2.3250000e+03	1.1591468e-01	1.0712660e-02	7.2151059e-01	4.7666997e-01	2.4484062e-01
2.3500000e+03	1.1571127e-01	1.0623856e-02	7.2124904e-01	4.7633579e-01	2.4491325e-01
2.3750000e+03	1.1542381e-01	1.0537694e-02	7.2059345e-01	4.7572052e-01	2.4487293e-01
2.4000000e+03	1.1516744e-01	1.0458442e-02	7.2003984e-01	4.7518736e-01	2.4485248e-01
2.4250000e+03	1.1484283e-01	1.0373806e-02	7.1919644e-01	4.7444105e-01	2.4475539e-01
2.4500000e+03	1.1457252e-01	1.0298028e-02	7.1854967e-01	4.7384736e-01	2.4470231e-01
2.4750000e+03	1.1425755e-01	1.0223751e-02	7.1769732e-01	4.7310621e-01	2.4459112e-01
2.5000000e+03	1.1400568e-01	1.0160675e-02	7.1707273e-01	4.7254205e-01	2.4453068e-01
2.5250000e+03	1.1372229e-01	1.0104206e-02	7.1626550e-01	4.7185504e-01	2.4441046e-01
2.5500000e+03	1.1352918e-01	1.0067552e-02	7.1573907e-01	4.7139871e-01	2.4434036e-01
2.5750000e+03	1.1332974e-01	1.0040817e-02	7.1508425e-01	4.7087187e-01	2.4421239e-01
2.6000000e+03	1.1322169e-01	1.0031017e-02	7.1469975e-01	4.7057158e-01	2.4412818e-01
2.6250000e+03	1.1308089e-01	1.0022634e-02	7.1412498e-01	4.7014338e-01	2.4398160e-01
2.6500000e+03	1.1299348e-01	1.0022803e-02	7.1374851e-01	4.6986774e-01	2.4388078e-01
2.6750000e+03	1.1284149e-01	1.0015470e-02	7.1312469e-01	4.6940383e-01	2.4372086e-01
2.7000000e+03	1.1272986e-01	1.0010011e-02	7.1267807e-01	4.6906888e-01	2.4360918e-01
2.7250000e+03	1.1256504e-01	1.0000269e-02	7.1200871e-01	4.6856940e-01	2.4343932e-01
2.7500000e+03	1.1246046e-01	9.9969814e-03	7.1157026e-01	4.6824560e-01	2.4332467e-01
2.7750000e+03	1.1231942e-01	9.9904090e-03	7.1096379e-01	4.6780130e-01	2.4316248e-01
2.8000000e+03	1.1225037e-01	9.9913189e-03	7.1062368e-01	4.6756220e-01	2.4306148e-01
2.8250000e+03	1.1214802e-01	9.9912882e-03	7.1012038e-01	4.6720821e-01	2.4291217e-01
2.8500000e+03	1.1212579e-01	1.0002249e-02	7.0989215e-01	4.6707186e-01	2.4282029e-01
2.8750000e+03	1.1207632e-01	1.0013709e-02	7.0950603e-01	4.6682933e-01	2.4267671e-01
2.9000000e+03	1.1210086e-01	1.0034488e-02	7.0937765e-01	4.6678969e-01	2.4258795e-01
2.9250000e+03	1.1209156e-01	1.0055170e-02	7.0907336e-01	4.6662825e-01	2.4244513e-01
2.9500000e+03	1.1214731e-01	1.0083121e-02	7.0901060e-01	4.6665260e-01	2.4235800e-01
2.9750000e+03	1.1213539e-01	1.0101780e-02	7.0871001e-01	4.6649039e-01	2.4221963e-01
3.0000000e+03	1.1211376e-01	1.0109348e-02	7.0851243e-01	4.6636999e-01	2.4214245e-01
3.0250000e+03	1.1193337e-01	1.0086874e-02	7.0790106e-01	4.6588391e-01	2.4201715e-01
3.0500000e+03	1.1169024e-01	1.0042027e-02	7.0727599e-01	4.6532822e-01	2.4194776e-01
3.0750000e+03	1.1132399e-01	9.9761523e-03	7.0629001e-01	4.6446899e-01	2.4182102e-01
3.1000000e+03	1.1103106e-01	9.9211009e-03	7.0554471e-01	4.6380341e-01	2.4174130e-01
3.1250000e+03	1.1079276e-01	9.8879682e-03	7.0479101e-01	4.6318826e-01	2.4160275e-01
3.1500000e+03	1.1075278e-01	9.8943971e-03	7.0455390e-01	4.6302974e-01	2.4152416e-01
3.1750000e+03	1.1078255e-01	9.9257967e-03	7.0436561e-01	4.6296537e-01	2.4140026e-01
3.2000000e+03	1.1095352e-01	9.9840071e-03	7.0459604e-01	4.6325153e-01	2.4134450e-01
3.2250000e+03	1.1113489e-01	1.0053797e-02	7.0476139e-01	4.6351558e-01	2.4124581e-01
3.2500000e+03	1.1141635e-01	1.0140723e-02	7.0525879e-01	4.6404576e-01	2.4121304e-01
3.2750000e+03	1.1166643e-01	1.0228388e-02	7.0561063e-01	4.6447176e-01	2.4113889e-01
3.3000000e+03	1.1196249e-01	1.0317499e-02	7.0618778e-01	4.6505639e-01	2.4113140e-01
3.3250000e+03	1.1218163e-01	1.0393661e-02	7.0653194e-01	4.6544760e-01	2.4108434e-01
3.3500000e+03	1.1243053e-01	1.0467868e-02	7.0706201e-01	4.6596152e-01	2.4110048e-01
3.3750000e+03	1.1261536e-01	1.0532693e-02	7.0737481e-01	4.6630275e-01	2.4107204e-01
3.4000000e+03	1.1284950e-01	1.0598293e-02	7.0791656e-01	4.6680778e-01	2.4110878e-01
3.4250000e+03	1.1302072e-01	1.0651905e-02	7.0825356e-01	4.6714750e-01	2.4110606e-01
3.4500000e+03	1.1322843e-01	1.0703827e-02	7.0880240e-01	4.6762961e-01	2.4117278e-01
3.4750000e+03	1.1337107e-01	1.0744076e-02	7.0914257e-01	4.6794236e-01	2.4120021e-01
3.5000000e+03	1.1355744e-01	1.0783742e-02	7.0970470e-01	4.6840978e-01	2.4129491e-01
3.5250000e+03	1.1367868e-01	1.0812595e-02	7.1004820e-01	4.6870279e-01	2.4134542e-01
3.5500000e+03	1.1384217e-01	1.0840773e-02	7.1060282e-01	4.6914357e-01	2.4145924e-01
3.5750000e+03	1.1394036e-01	1.0858809e-02	7.1092856e-01	4.6940464e-01	2.4152392e-01
3.6000000e+03	1.1408358e-01	1.0877742e-02	7.1146244e-01	4.6981481e-01	2.4164763e-01
3.6250000e+03	1.1416166e-01	1.0887959e-02	7.1176028e-01	4.7004181e-01	2.4171849e-01
3.6500000e+03	1.1428439e-01	1.0898874e-02	7.1226257e-01	4.7041568e-01	2.4184689e-01
3.6750000e+03	1.1434410e-01	1.0900813e-02	7.1253854e-01	4.7061336e-01	2.4192518e-01
3.7000000e+03	1.1444879e-01	1.0903987e-02	7.1302319e-01	4.7096038e-01	2.4206281e-01
3.7250000e+03	1.1449386e-01	1.0899303e-02	7.1328789e-01	4.7113782e-01	2.4215008e-01
3.7500000e+03	1.1459002e-01	1.0897726e-02	7.1377569e-01	4.7147787e-01	2.4229783e-01
3.7750000e+03	1.1462890e-01	1.0888712e-02	7.1404612e-01	4.7165197e-01	2.4239416e-01
3.8000000e+03	1.1471854e-01	1.0883261e-02	7.1453905e-01	4.7198808e-01	2.4255098e-01
3.8250000e+03	1.1474857e-01	1.0871009e-02	7.1480584e-01	4.7215149e-01	2.4265435e-01
3.8500000e+03	1.1482826e-01	1.0861809e-02	7.1528322e-01	4.7246987e-01	2.4281335e-01
3.8750000e+03	1.1484814e-01	1.0845875e-02	7.1552604e-01	4.7261116e-01	2.4291489e-01
3.9000000e+03	1.1491739e-01	1.0833985e-02	7.1596622e-01	4.7290051e-01	2.4306571e-01
3.9250000e+03	1.1492745e-01	1.0816813e-02	7.1616441e-01	4.7300965e-01	2.4315476e-01
3.9500000e+03	1.1498722e-01	1.0804384e-02	7.1655953e-01	4.7326699e-01	2.4329254e-01
3.9750000e+03	1.1498787e-01	1.0786553e-02	7.1671820e-01	4.7334695e-01	2.4337123e-01
4.0000000e+03	1.1503851e-01	1.0773513e-02	7.1708173e-01	4.7357938e-01	2.4350235e-01
4.0250000e+03	1.1503126e-01	1.0755522e-02	7.1720690e-01	4.7363472e-01	2.4357219e-01
4.0500000e+03	1.1507715e-01	1.0743090e-02	7.1754318e-01	4.7384876e-01	2.4369444e-01
4.0750000e+03	1.1506811e-01	1.0725762e-02	7.1765161e-01	4.7389391e-01	2.4375769e-01
4.1000000e+03	1.1511216e-01	1.0713435e-02	7.1797466e-01	4.7409949e-01	2.4387518e-01
4.1250000e+03	1.1510083e-01	1.0695952e-02	7.1807557e-01	4.7413862e-01	2.4393696e-01
4.1500000e+03	1.1514148e-01	1.0683349e-02	7.1838105e-01	4.7433200e-01	2.4404904e-01
4.1750000e+03	1.1512572e-01	1.0665179e-02	7.1845281e-01	4.7435212e-01	2.4410069e-01
4.2000000e+03	1.1516377e-01	1.0654815e-02	7.1872687e-01	4.7452721e-01	2.4419966e-01
4.2250000e+03	1.1514765e-01	1.0641455e-02	7.1877164e-01	4.7453347e-01	2.4423817e-01
4.2500000e+03	1.1518591e-01	1.0634687e-02	7.1902537e-01	4.7469860e-01	2.4432677e-01
4.2750000e+03	1.1516877e-01	1.0622290e-02	7.1905231e-01	4.7469491e-01	2.4435739e-01
4.3000000e+03	1.1520436e-01	1.0614505e-02	7.1928817e-01	4.7484845e-01	2.4443972e-01
4.3250000e+03	1.1518603e-01	1.0602701e-02	7.1929657e-01	4.7483432e-01	2.4446225e-01
4.3500000e+03	1.1522177e-01	1.0598128e-02	7.1951032e-01	4.7497693e-01	2.4453339e-01
4.3750000e+03	1.1520317e-01	1.0590038e-02	7.1950006e-01	4.7495320e-01	2.4454686e-01
4.4000000e+03	1.1523755e-01	1.0586694e-02	7.1970814e-01	4.7509164e-01	2.4461652e-01
4.4250000e+03	1.1521659e-01	1.0577545e-02	7.1969289e-01	4.7506303e-01	2.4462986e-01
4.4500000e+03	1.1524884e-01	1.0572766e-02	7.1989107e-01	4.7519439e-01	2.4469669e-01
4.4750000e+03	1.1522665e-01	1.0564108e-02	7.1986216e-01	4.7515774e-01	2.4470443e-01
4.5000000e+03	1.1525873e-01	1.0562197e-02	7.2005087e-01	4.7528416e-01	2.4476671e-01
