# Force coefficients
# liftDir     : (0.0000000e+00 1.0000000e+00 0.0000000e+00)
# dragDir     : (1.0000000e+00 0.0000000e+00 0.0000000e+00)
# pitchAxis   : (0.0000000e+00 0.0000000e+00 1.0000000e+00)
# magUInf     : 3.6089199e+01
# lRef        : 9.0219998e-01
# Aref        : 6.3155003e-02
# CofR        : (2.2555199e-01 0.0000000e+00 0.0000000e+00)
# Time        	Cm            	Cd            	Cl            	Cl(f)         	Cl(r)         	Cm	Cd	Cl	Cl(f)	Cl(r)
2.5000000e+01	9.4868779e-02	2.1614869e-01	1.0083491e+00	5.9904331e-01	4.0930575e-01
5.0000000e+01	1.2437212e-01	2.5361058e-01	1.1958961e+00	7.2232020e-01	4.7357595e-01
7.5000000e+01	1.1532073e-01	2.4616320e-01	1.2426907e+00	7.3666608e-01	5.0602460e-01
1.0000000e+02	1.1949793e-01	2.5089961e-01	1.3178476e+00	7.7842176e-01	5.3942585e-01
1.2500000e+02	1.2816213e-01	2.5922629e-01	1.4063741e+00	8.3134919e-01	5.7502490e-01
1.5000000e+02	1.3686290e-01	2.6675797e-01	1.5006695e+00	8.8719761e-01	6.1347187e-01
1.7500000e+02	1.4007524e-01	2.6581591e-01	1.5807134e+00	9.3043196e-01	6.5028143e-01
2.0000000e+02	1.4294259e-01	2.6225436e-01	1.6576022e+00	9.7174370e-01	6.8585849e-01
2.2500000e+02	1.4392911e-01	2.5502449e-01	1.7238522e+00	1.0058552e+00	7.1799695e-01
2.5000000e+02	1.4423874e-01	2.4603567e-01	1.7832808e+00	1.0358791e+00	7.4740171e-01
2.7500000e+02	1.4359714e-01	2.3550707e-01	1.8344933e+00	1.0608438e+00	7.7364951e-01
3.0000000e+02	1.4335515e-01	2.2537367e-01	1.8835372e+00	1.0851238e+00	7.9841346e-01
3.2500000e+02	1.4381281e-01	2.1645999e-01	1.9312195e+00	1.1094226e+00	8.2179689e-01
3.5000000e+02	1.4377476e-01	2.0769361e-01	1.9717877e+00	1.1296686e+00	8.4211910e-01
3.7500000e+02	1.4088383e-01	1.9639362e-01	1.9941332e+00	1.1379504e+00	8.5618281e-01
4.0000000e+02	1.3745342e-01	1.8579882e-01	2.0068369e+00	1.1408719e+00	8.6596501e-01
4.2500000e+02	1.3419782e-01	1.7716156e-01	2.0142159e+00	1.1413058e+00	8.7291014e-01
4.5000000e+02	1.3163908e-01	1.7088173e-01	2.0202861e+00	1.1417822e+00	8.7850398e-01
4.7500000e+02	1.2964040e-01	1.6634294e-01	2.0259452e+00	1.1426129e+00	8.8333219e-01
5.0000000e+02	1.2800561e-01	1.6286047e-01	2.0308223e+00	1.1434168e+00	8.8740551e-01
5.2500000e+02	1.2602754e-01	1.5971102e-01	2.0304370e+00	1.1412461e+00	8.8919097e-01
5.5000000e+02	1.2375413e-01	1.5731916e-01	2.0235500e+00	1.1355292e+00	8.8802087e-01
5.7500000e+02	1.2092949e-01	1.5528305e-01	2.0094049e+00	1.1256319e+00	8.8377297e-01
6.0000000e+02	1.1746305e-01	1.5265644e-01	1.9888051e+00	1.1118655e+00	8.7693948e-01
6.2500000e+02	1.1493019e-01	1.5023471e-01	1.9651352e+00	1.0974978e+00	8.6763740e-01
6.5000000e+02	1.1694728e-01	1.5072004e-01	1.9430963e+00	1.0884954e+00	8.5460085e-01
6.7500000e+02	1.2891966e-01	1.6037104e-01	1.9409590e+00	1.0993991e+00	8.4155983e-01
7.0000000e+02	1.4067453e-01	1.7083229e-01	1.9392401e+00	1.1102946e+00	8.2894552e-01
7.2500000e+02	1.4957064e-01	1.7961119e-01	1.9302101e+00	1.1146758e+00	8.1553441e-01
7.5000000e+02	1.5774560e-01	1.8875238e-01	1.9196059e+00	1.1175485e+00	8.0205733e-01
7.7500000e+02	1.6260959e-01	1.9623922e-01	1.9016073e+00	1.1134132e+00	7.8819406e-01
8.0000000e+02	1.6082889e-01	1.9906114e-01	1.8689985e+00	1.0953281e+00	7.7367038e-01
8.2500000e+02	1.5611731e-01	1.9903959e-01	1.8237447e+00	1.0679896e+00	7.5575501e-01
8.5000000e+02	1.6031975e-01	2.0575687e-01	1.7892890e+00	1.0549643e+00	7.3432475e-01
8.7500000e+02	1.8324509e-01	2.2889803e-01	1.7896336e+00	1.0780619e+00	7.1157169e-01
9.0000000e+02	2.1955153e-01	2.6500735e-01	1.8199347e+00	1.1295189e+00	6.9041586e-01
9.2500000e+02	2.5053400e-01	2.9694885e-01	1.8302741e+00	1.1656711e+00	6.6460305e-01
9.5000000e+02	2.5223744e-01	3.0470067e-01	1.7651944e+00	1.1348346e+00	6.3035977e-01
9.7500000e+02	2.6892069e-01	3.2157651e-01	1.7233882e+00	1.1306148e+00	5.9277344e-01
1.0000000e+03	3.2534021e-01	3.7032169e-01	1.7865301e+00	1.2186053e+00	5.6792486e-01
1.0250000e+03	3.8824046e-01	4.2420265e-01	1.8885169e+00	1.3324989e+00	5.5601799e-01
1.0500000e+03	4.1904315e-01	4.5000449e-01	1.9213321e+00	1.3797092e+00	5.4162288e-01
1.0750000e+03	4.0054116e-01	4.3479207e-01	1.8291780e+00	1.3151301e+00	5.1404786e-01
1.1000000e+03	3.5220671e-01	3.9425540e-01	1.6541475e+00	1.1792805e+00	4.7486705e-01
1.1250000e+03	2.9676470e-01	3.4842023e-01	1.4507520e+00	1.0221407e+00	4.2861131e-01
1.1500000e+03	2.6201764e-01	3.2354623e-01	1.2713822e+00	8.9770877e-01	3.7367347e-01
1.1750000e+03	2.5336015e-01	3.1890580e-01	1.1304628e+00	8.1859154e-01	3.1187123e-01
1.2000000e+03	2.6181665e-01	3.2676372e-01	1.0411129e+00	7.8237307e-01	2.5873980e-01
1.2250000e+03	2.6215518e-01	3.2846010e-01	9.7373134e-01	7.4902081e-01	2.2471049e-01
1.2500000e+03	2.4554272e-01	3.1809741e-01	9.0782571e-01	6.9945556e-01	2.0837013e-01
1.2750000e+03	2.1857522e-01	3.0076611e-01	8.4804112e-01	6.4259577e-01	2.0544533e-01
1.3000000e+03	1.8675384e-01	2.8176931e-01	8.1020385e-01	5.9185576e-01	2.1834809e-01
1.3250000e+03	1.5133487e-01	2.5931576e-01	7.8542590e-01	5.4404783e-01	2.4137808e-01
1.3500000e+03	1.1622387e-01	2.3494524e-01	7.7293932e-01	5.0269353e-01	2.7024579e-01
1.3750000e+03	8.9917220e-02	2.1624863e-01	7.7756095e-01	4.7869769e-01	2.9886326e-01
1.4000000e+03	9.5085196e-02	2.2367509e-01	8.2637227e-01	5.0827134e-01	3.1810093e-01
1.4250000e+03	1.4917651e-01	2.7234933e-01	9.5505375e-01	6.2670338e-01	3.2835037e-01
1.4500000e+03	1.8996820e-01	3.0478573e-01	1.0330969e+00	7.0651662e-01	3.2658026e-01
1.4750000e+03	1.6852869e-01	2.8719309e-01	9.8835516e-01	6.6270626e-01	3.2564890e-01
1.5000000e+03	1.5038599e-01	2.7322635e-01	9.6514994e-01	6.3296098e-01	3.3218896e-01
1.5250000e+03	1.4847185e-01	2.7297416e-01	9.7581738e-01	6.3638055e-01	3.3943683e-01
1.5500000e+03	1.5822622e-01	2.8214541e-01	1.0149657e+00	6.6570902e-01	3.4925660e-01
1.5750000e+03	1.7276521e-01	2.9367894e-01	1.0684913e+00	7.0701087e-01	3.6148047e-01
1.6000000e+03	1.8508179e-01	2.9923406e-01	1.1179566e+00	7.4406010e-01	3.7389654e-01
1.6250000e+03	1.8771248e-01	2.9049867e-01	1.1351510e+00	7.5528800e-01	3.7986302e-01
1.6500000e+03	1.8299799e-01	2.7452788e-01	1.1241393e+00	7.4506766e-01	3.7907165e-01
1.6750000e+03	1.7627624e-01	2.6405931e-01	1.1440729e+00	7.4831271e-01	3.9576021e-01
1.7000000e+03	1.4715956e-01	2.3710592e-01	1.1278611e+00	7.1109015e-01	4.1677099e-01
1.7250000e+03	1.0970277e-01	2.0467198e-01	1.0955275e+00	6.5746653e-01	4.3806100e-01
1.7500000e+03	9.1621183e-02	1.8950392e-01	1.0996002e+00	6.4142126e-01	4.5817891e-01
1.7750000e+03	8.3135910e-02	1.8167135e-01	1.0992663e+00	6.3276905e-01	4.6649724e-01
1.8000000e+03	7.3226474e-02	1.6717288e-01	1.0690045e+00	6.0772872e-01	4.6127579e-01
1.8250000e+03	6.4557873e-02	1.5126283e-01	1.0419031e+00	5.8550942e-01	4.5639369e-01
1.8500000e+03	6.3380145e-02	1.4270125e-01	1.0499701e+00	5.8836520e-01	4.6160492e-01
1.8750000e+03	7.2517730e-02	1.4622000e-01	1.0926601e+00	6.1884779e-01	4.7381231e-01
1.9000000e+03	8.8214144e-02	1.5896618e-01	1.1565439e+00	6.6648608e-01	4.9005777e-01
1.9250000e+03	1.0100063e-01	1.7212202e-01	1.2064090e+00	7.0420510e-01	5.0220388e-01
1.9500000e+03	1.0615716e-01	1.8193506e-01	1.2189231e+00	7.1561873e-01	5.0330436e-01
1.9750000e+03	1.1075263e-01	1.9552192e-01	1.2174129e+00	7.1945912e-01	4.9795383e-01
2.0000000e+03	1.1924168e-01	2.1356426e-01	1.2317612e+00	7.3512232e-01	4.9663892e-01
