# Force coefficients
# liftDir     : (0.0000000e+00 1.0000000e+00 0.0000000e+00)
# dragDir     : (1.0000000e+00 0.0000000e+00 0.0000000e+00)
# pitchAxis   : (0.0000000e+00 0.0000000e+00 1.0000000e+00)
# magUInf     : 3.6089199e+01
# lRef        : 9.0219998e-01
# Aref        : 6.3155003e-02
# CofR        : (2.2555199e-01 0.0000000e+00 0.0000000e+00)
# Time        	Cm            	Cd            	Cl            	Cl(f)         	Cl(r)         	Cm	Cd	Cl	Cl(f)	Cl(r)
2.5000000e+01	9.5932640e-02	2.1916759e-01	1.0101552e+00	6.0101026e-01	4.0914497e-01
5.0000000e+01	1.2410375e-01	2.5589877e-01	1.1951205e+00	7.2166395e-01	4.7345647e-01
7.5000000e+01	1.1521525e-01	2.4870448e-01	1.2426093e+00	7.3651987e-01	5.0608939e-01
1.0000000e+02	1.1948084e-01	2.5354478e-01	1.3178544e+00	7.7840805e-01	5.3944635e-01
1.2500000e+02	1.2823838e-01	2.6205656e-01	1.4066757e+00	8.3157623e-01	5.7509947e-01
1.5000000e+02	1.3690630e-01	2.6962203e-01	1.5008370e+00	8.8732481e-01	6.1351216e-01
1.7500000e+02	1.4010526e-01	2.6869169e-01	1.5805179e+00	9.3036419e-01	6.5015370e-01
2.0000000e+02	1.4300101e-01	2.6520678e-01	1.6570188e+00	9.7151041e-01	6.8550837e-01
2.2500000e+02	1.4401904e-01	2.5806275e-01	1.7227131e+00	1.0053756e+00	7.1733749e-01
2.5000000e+02	1.4446256e-01	2.4928522e-01	1.7817682e+00	1.0353466e+00	7.4642158e-01
2.7500000e+02	1.4395215e-01	2.3897107e-01	1.8324330e+00	1.0601686e+00	7.7226436e-01
3.0000000e+02	1.4383405e-01	2.2905804e-01	1.8808093e+00	1.0842388e+00	7.9657060e-01
3.2500000e+02	1.4433470e-01	2.2028181e-01	1.9273823e+00	1.1080259e+00	8.1935644e-01
3.5000000e+02	1.4425594e-01	2.1156470e-01	1.9664137e+00	1.1274629e+00	8.3895093e-01
3.7500000e+02	1.4124392e-01	2.0022745e-01	1.9867679e+00	1.1346278e+00	8.5214001e-01
4.0000000e+02	1.3765410e-01	1.8957497e-01	1.9972944e+00	1.1363013e+00	8.6099315e-01
4.2500000e+02	1.3411437e-01	1.8074334e-01	2.0019572e+00	1.1350930e+00	8.6686420e-01
4.5000000e+02	1.3121442e-01	1.7418443e-01	2.0048912e+00	1.1336600e+00	8.7123114e-01
4.7500000e+02	1.2878117e-01	1.6920036e-01	2.0066440e+00	1.1321032e+00	8.7454081e-01
5.0000000e+02	1.2671354e-01	1.6521686e-01	2.0069404e+00	1.1301837e+00	8.7675667e-01
5.2500000e+02	1.2428815e-01	1.6155344e-01	2.0011144e+00	1.1248454e+00	8.7626904e-01
5.5000000e+02	1.2269621e-01	1.5968874e-01	1.9901524e+00	1.1177723e+00	8.7237996e-01
5.7500000e+02	1.2186636e-01	1.5952499e-01	1.9756047e+00	1.1096687e+00	8.6593598e-01
6.0000000e+02	1.2179480e-01	1.6020575e-01	1.9603615e+00	1.1019756e+00	8.5838592e-01
6.2500000e+02	1.2152430e-01	1.6008903e-01	1.9424653e+00	1.0927570e+00	8.4970838e-01
6.5000000e+02	1.2028930e-01	1.5831195e-01	1.9204428e+00	1.0805107e+00	8.3993208e-01
6.7500000e+02	1.1705273e-01	1.5400103e-01	1.8894036e+00	1.0617545e+00	8.2764906e-01
7.0000000e+02	1.1597824e-01	1.5163401e-01	1.8581425e+00	1.0450494e+00	8.1309301e-01
7.2500000e+02	1.1403570e-01	1.4877097e-01	1.8215995e+00	1.0248355e+00	7.9676402e-01
7.5000000e+02	1.0980787e-01	1.4470491e-01	1.7787611e+00	9.9918842e-01	7.7957273e-01
7.7500000e+02	1.0333627e-01	1.3932693e-01	1.7285531e+00	9.6761280e-01	7.6094025e-01
8.0000000e+02	9.7319104e-02	1.3495943e-01	1.6776274e+00	9.3613285e-01	7.4149460e-01
8.2500000e+02	9.3947820e-02	1.3358854e-01	1.6315005e+00	9.0969807e-01	7.2180241e-01
8.5000000e+02	9.3317159e-02	1.3544327e-01	1.5925425e+00	8.8958842e-01	7.0295411e-01
8.7500000e+02	9.2476889e-02	1.3773717e-01	1.5535500e+00	8.6925191e-01	6.8429810e-01
9.0000000e+02	8.8618331e-02	1.3784055e-01	1.5083808e+00	8.4280872e-01	6.6557205e-01
9.2500000e+02	7.8066930e-02	1.3222849e-01	1.4474108e+00	8.0177236e-01	6.4563847e-01
9.5000000e+02	5.8630113e-02	1.1880162e-01	1.3651913e+00	7.4122578e-01	6.2396556e-01
9.7500000e+02	3.8459618e-02	1.0387407e-01	1.2783679e+00	6.7764354e-01	6.0072434e-01
1.0000000e+03	3.6699664e-02	1.0365982e-01	1.2328030e+00	6.5310115e-01	5.7970184e-01
1.0250000e+03	5.4561548e-02	1.2133928e-01	1.2381991e+00	6.7366111e-01	5.6453800e-01
1.0500000e+03	7.3651403e-02	1.4033577e-01	1.2566770e+00	7.0198989e-01	5.5468714e-01
1.0750000e+03	9.2732504e-02	1.5953787e-01	1.2802726e+00	7.3286879e-01	5.4740381e-01
1.1000000e+03	1.0740944e-01	1.7517415e-01	1.2976178e+00	7.5621831e-01	5.4139948e-01
1.1250000e+03	1.0694621e-01	1.7804891e-01	1.2804348e+00	7.4716365e-01	5.3327119e-01
1.1500000e+03	8.8764206e-02	1.6645858e-01	1.2227367e+00	7.0013255e-01	5.2260417e-01
1.1750000e+03	6.1134271e-02	1.4610168e-01	1.1414034e+00	6.3183600e-01	5.0956744e-01
1.2000000e+03	4.8738256e-02	1.3846150e-01	1.0965532e+00	5.9701484e-01	4.9953836e-01
1.2250000e+03	6.3621551e-02	1.5832148e-01	1.1237457e+00	6.2549436e-01	4.9825129e-01
1.2500000e+03	7.8691415e-02	1.7380218e-01	1.1637542e+00	6.6056854e-01	5.0318569e-01
1.2750000e+03	8.8426404e-02	1.7911880e-01	1.1931416e+00	6.8499720e-01	5.0814438e-01
1.3000000e+03	9.6341133e-02	1.8124799e-01	1.2204202e+00	7.0655125e-01	5.1386899e-01
1.3250000e+03	1.0361236e-01	1.8383060e-01	1.2495333e+00	7.2837901e-01	5.2115428e-01
1.3500000e+03	1.0686492e-01	1.8470196e-01	1.2726412e+00	7.4318552e-01	5.2945566e-01
1.3750000e+03	1.0004201e-01	1.7787203e-01	1.2742773e+00	7.3718065e-01	5.3709668e-01
1.4000000e+03	8.4223919e-02	1.6386563e-01	1.2540565e+00	7.1125215e-01	5.4280430e-01
1.4250000e+03	7.2689444e-02	1.5543157e-01	1.2462182e+00	6.9579852e-01	5.5041969e-01
1.4500000e+03	6.7248404e-02	1.5503153e-01	1.2500477e+00	6.9227225e-01	5.5777544e-01
1.4750000e+03	6.5279663e-02	1.5424141e-01	1.2536179e+00	6.9208860e-01	5.6152928e-01
1.5000000e+03	6.6164181e-02	1.5293479e-01	1.2602515e+00	6.9628996e-01	5.6396157e-01
1.5250000e+03	6.8396032e-02	1.5215898e-01	1.2718982e+00	7.0434511e-01	5.6755304e-01
1.5500000e+03	7.1651645e-02	1.5310530e-01	1.2923088e+00	7.1780604e-01	5.7450277e-01
1.5750000e+03	7.2722964e-02	1.5307249e-01	1.3152305e+00	7.3033822e-01	5.8489227e-01
1.6000000e+03	6.7344308e-02	1.4716379e-01	1.3249093e+00	7.2979897e-01	5.9511036e-01
1.6250000e+03	5.6848392e-02	1.3624211e-01	1.3143740e+00	7.1403539e-01	6.0033858e-01
1.6500000e+03	5.4502461e-02	1.3443378e-01	1.3197330e+00	7.1436900e-01	6.0536402e-01
1.6750000e+03	6.1024912e-02	1.4377697e-01	1.3494469e+00	7.3574835e-01	6.1369854e-01
1.7000000e+03	6.3283339e-02	1.4762817e-01	1.3633828e+00	7.4497473e-01	6.1840808e-01
1.7250000e+03	6.1720386e-02	1.4373365e-01	1.3584740e+00	7.4095738e-01	6.1751664e-01
1.7500000e+03	6.4291731e-02	1.4346415e-01	1.3674929e+00	7.4803817e-01	6.1945474e-01
1.7750000e+03	6.4483881e-02	1.4161879e-01	1.3717710e+00	7.5036937e-01	6.2140161e-01
1.8000000e+03	6.3580371e-02	1.4030585e-01	1.3791192e+00	7.5313997e-01	6.2597919e-01
1.8250000e+03	6.0910571e-02	1.3753226e-01	1.3852799e+00	7.5355053e-01	6.3172936e-01
1.8500000e+03	6.1429638e-02	1.3741989e-01	1.3968257e+00	7.5984246e-01	6.3698322e-01
1.8750000e+03	6.7326568e-02	1.4439076e-01	1.4171613e+00	7.7590722e-01	6.4125413e-01
1.9000000e+03	7.5817429e-02	1.5671813e-01	1.4448735e+00	7.9825413e-01	6.4661932e-01
1.9250000e+03	8.2365721e-02	1.6557553e-01	1.4676504e+00	8.1619096e-01	6.5145946e-01
1.9500000e+03	7.9968318e-02	1.6151787e-01	1.4616898e+00	8.1081325e-01	6.5087658e-01
1.9750000e+03	7.4852154e-02	1.5268937e-01	1.4478291e+00	7.9876673e-01	6.4906240e-01
2.0000000e+03	6.9262825e-02	1.4354275e-01	1.4336593e+00	7.8609246e-01	6.4756685e-01
