# Force coefficients
# liftDir     : (0.0000000e+00 1.0000000e+00 0.0000000e+00)
# dragDir     : (1.0000000e+00 0.0000000e+00 0.0000000e+00)
# pitchAxis   : (0.0000000e+00 0.0000000e+00 1.0000000e+00)
# magUInf     : 3.6089199e+01
# lRef        : 9.0219998e-01
# Aref        : 6.3155003e-02
# CofR        : (2.2555199e-01 0.0000000e+00 0.0000000e+00)
# Time        	Cm            	Cd            	Cl            	Cl(f)         	Cl(r)         	Cm	Cd	Cl	Cl(f)	Cl(r)
2.0250000e+03	1.7860018e-01	3.6077136e-01	1.5915946e+00	9.7439748e-01	6.1719710e-01
2.0500000e+03	1.6976027e-01	3.4165847e-01	1.6387792e+00	9.8914987e-01	6.4962929e-01
2.0750000e+03	1.6144507e-01	3.1986260e-01	1.6796809e+00	1.0012856e+00	6.7839539e-01
2.1000000e+03	1.5415826e-01	2.9599908e-01	1.7153556e+00	1.0118361e+00	7.0351958e-01
2.1250000e+03	1.4967398e-01	2.7340811e-01	1.7551368e+00	1.0272424e+00	7.2789443e-01
2.1500000e+03	1.5250090e-01	2.5937966e-01	1.8198322e+00	1.0624170e+00	7.5741518e-01
2.1750000e+03	1.5250644e-01	2.4009392e-01	1.8673786e+00	1.0861957e+00	7.8118289e-01
2.2000000e+03	1.5544562e-01	2.2386460e-01	1.9191076e+00	1.1149994e+00	8.0410814e-01
2.2250000e+03	1.6067901e-01	2.1064086e-01	1.9743245e+00	1.1478412e+00	8.2648325e-01
2.2500000e+03	1.6521955e-01	1.9698553e-01	2.0199652e+00	1.1752021e+00	8.4476304e-01
2.2750000e+03	1.5754078e-01	1.6873747e-01	2.0087323e+00	1.1619070e+00	8.4682536e-01
2.3000000e+03	1.4255828e-01	1.3448477e-01	1.9579909e+00	1.1215537e+00	8.3643717e-01
2.3250000e+03	1.2531231e-01	1.0357776e-01	1.8899894e+00	1.0703070e+00	8.1968236e-01
2.3500000e+03	1.1117184e-01	8.5610032e-02	1.8304819e+00	1.0264127e+00	8.0406910e-01
2.3750000e+03	1.0206367e-01	8.3078876e-02	1.7931210e+00	9.9862415e-01	7.9449683e-01
2.4000000e+03	9.5031403e-02	9.1298170e-02	1.7668003e+00	9.7843152e-01	7.8836876e-01
2.4250000e+03	9.1777161e-02	1.0785639e-01	1.7345998e+00	9.5907706e-01	7.7552277e-01
2.4500000e+03	9.2068881e-02	1.2756076e-01	1.7072414e+00	9.4568956e-01	7.6155186e-01
2.4750000e+03	9.6311301e-02	1.5634610e-01	1.7022674e+00	9.4744503e-01	7.5482237e-01
2.5000000e+03	1.0760006e-01	1.8659113e-01	1.7079295e+00	9.6156478e-01	7.4636471e-01
2.5250000e+03	1.1961605e-01	2.1865503e-01	1.7256835e+00	9.8245776e-01	7.4322569e-01
2.5500000e+03	1.3443494e-01	2.4303314e-01	1.7233435e+00	9.9610668e-01	7.2723681e-01
2.5750000e+03	1.5192887e-01	2.7339533e-01	1.7231928e+00	1.0135252e+00	7.0966756e-01
2.6000000e+03	1.6802302e-01	3.0081823e-01	1.7167447e+00	1.0263953e+00	6.9034934e-01
2.6250000e+03	1.8780774e-01	3.2451788e-01	1.6799892e+00	1.0278023e+00	6.5218687e-01
2.6500000e+03	2.0538935e-01	3.4624752e-01	1.6389830e+00	1.0248809e+00	6.1410213e-01
2.6750000e+03	2.2345385e-01	3.7023371e-01	1.6066830e+00	1.0267954e+00	5.7988763e-01
2.7000000e+03	2.3658419e-01	3.8146493e-01	1.5615960e+00	1.0173821e+00	5.4421383e-01
2.7250000e+03	2.4324767e-01	3.8613603e-01	1.5274657e+00	1.0069805e+00	5.2048516e-01
2.7500000e+03	2.3905490e-01	3.8402525e-01	1.5126116e+00	9.9536073e-01	5.1725090e-01
2.7750000e+03	2.2951077e-01	3.7744051e-01	1.5066583e+00	9.8283994e-01	5.2381837e-01
2.8000000e+03	2.1962288e-01	3.7125155e-01	1.5113513e+00	9.7529852e-01	5.3605282e-01
2.8250000e+03	2.0641227e-01	3.6206910e-01	1.5202688e+00	9.6654665e-01	5.5372214e-01
2.8500000e+03	1.8071248e-01	3.4418446e-01	1.5110109e+00	9.3621790e-01	5.7479298e-01
2.8750000e+03	1.2940493e-01	3.0024251e-01	1.4360288e+00	8.4741938e-01	5.8860946e-01
2.9000000e+03	6.6307828e-02	2.4255210e-01	1.3195523e+00	7.2608399e-01	5.9346831e-01
2.9250000e+03	1.4838289e-02	1.9887556e-01	1.2192285e+00	6.2445253e-01	5.9477597e-01
2.9500000e+03	-2.0394055e-02	1.7503878e-01	1.1455034e+00	5.5235767e-01	5.9314573e-01
2.9750000e+03	-3.6384638e-02	1.7338939e-01	1.1130393e+00	5.2013499e-01	5.9290427e-01
3.0000000e+03	-2.9296480e-02	1.9466823e-01	1.1365832e+00	5.3899515e-01	5.9758806e-01
3.0250000e+03	4.9432623e-03	2.4043705e-01	1.2263685e+00	6.1812752e-01	6.0824102e-01
3.0500000e+03	4.7525883e-02	2.9588252e-01	1.3434150e+00	7.1923339e-01	6.2418163e-01
3.0750000e+03	7.6373376e-02	3.4251103e-01	1.4537047e+00	8.0322576e-01	6.5047896e-01
3.1000000e+03	8.3487086e-02	3.5210821e-01	1.4908478e+00	8.2891101e-01	6.6193682e-01
3.1250000e+03	9.8007977e-02	3.6479944e-01	1.5234882e+00	8.5975206e-01	6.6373610e-01
3.1500000e+03	1.2280434e-01	3.8486046e-01	1.5684818e+00	9.0704525e-01	6.6143656e-01
3.1750000e+03	1.4521869e-01	4.0142807e-01	1.6050547e+00	9.4774604e-01	6.5730870e-01
3.2000000e+03	1.6058405e-01	4.1958794e-01	1.6514525e+00	9.8631030e-01	6.6514224e-01
3.2250000e+03	1.6206354e-01	4.3252879e-01	1.6871234e+00	1.0056252e+00	6.8149817e-01
3.2500000e+03	1.6039109e-01	4.4250479e-01	1.7140702e+00	1.0174263e+00	6.9664401e-01
3.2750000e+03	1.5602459e-01	4.4112742e-01	1.7139593e+00	1.0130043e+00	7.0095509e-01
3.3000000e+03	1.5369390e-01	4.4375923e-01	1.7234365e+00	1.0154121e+00	7.0802432e-01
3.3250000e+03	1.4760432e-01	4.3848696e-01	1.7122651e+00	1.0037369e+00	7.0852828e-01
3.3500000e+03	1.4301513e-01	4.2946184e-01	1.6936041e+00	9.8981720e-01	7.0378691e-01
3.3750000e+03	1.4535174e-01	4.2876109e-01	1.6944077e+00	9.9255562e-01	7.0185208e-01
3.4000000e+03	1.5668367e-01	4.4625351e-01	1.7333277e+00	1.0233475e+00	7.0998019e-01
3.4250000e+03	1.6814230e-01	4.6729752e-01	1.7827436e+00	1.0595140e+00	7.2322947e-01
3.4500000e+03	1.8058528e-01	4.9157897e-01	1.8435304e+00	1.1023505e+00	7.4117994e-01
3.4750000e+03	1.9495799e-01	5.1861495e-01	1.9122477e+00	1.1510818e+00	7.6116586e-01
3.5000000e+03	2.0294656e-01	5.2876532e-01	1.9458419e+00	1.1758676e+00	7.6997441e-01
3.5250000e+03	2.0507345e-01	5.2304983e-01	1.9434102e+00	1.1767786e+00	7.6663160e-01
3.5500000e+03	2.0776337e-01	5.1456374e-01	1.9353797e+00	1.1754532e+00	7.5992650e-01
3.5750000e+03	2.1029799e-01	5.0816619e-01	1.9284641e+00	1.1745300e+00	7.5393403e-01
3.6000000e+03	2.1199422e-01	5.0307435e-01	1.9183040e+00	1.1711462e+00	7.4715775e-01
3.6250000e+03	2.2044688e-01	5.0696462e-01	1.9080470e+00	1.1744704e+00	7.3357660e-01
3.6500000e+03	2.3526773e-01	5.1918972e-01	1.9072012e+00	1.1888683e+00	7.1833289e-01
3.6750000e+03	2.5612009e-01	5.4195172e-01	1.9284456e+00	1.2203429e+00	7.0810270e-01
3.7000000e+03	2.7380738e-01	5.6549376e-01	1.9688600e+00	1.2582374e+00	7.1062267e-01
3.7250000e+03	2.8461859e-01	5.7115036e-01	1.9734074e+00	1.2713223e+00	7.0208514e-01
3.7500000e+03	3.0649459e-01	5.9195274e-01	2.0051551e+00	1.3090721e+00	6.9608295e-01
3.7750000e+03	3.1532720e-01	5.9390086e-01	2.0077322e+00	1.3191932e+00	6.8853891e-01
3.8000000e+03	3.1528544e-01	5.8244979e-01	1.9764793e+00	1.3035251e+00	6.7295420e-01
3.8250000e+03	3.1284636e-01	5.6756407e-01	1.9201927e+00	1.2729428e+00	6.4725000e-01
3.8500000e+03	3.1671774e-01	5.5933172e-01	1.8746210e+00	1.2540283e+00	6.2059277e-01
3.8750000e+03	3.4264588e-01	5.8521152e-01	1.8907801e+00	1.2880359e+00	6.0274416e-01
3.9000000e+03	3.9536372e-01	6.5424949e-01	1.9788388e+00	1.3847831e+00	5.9405565e-01
3.9250000e+03	4.4631508e-01	7.1913379e-01	2.0635676e+00	1.4780989e+00	5.8546877e-01
3.9500000e+03	4.7735354e-01	7.5204074e-01	2.0891511e+00	1.5219291e+00	5.6722200e-01
3.9750000e+03	5.0615454e-01	7.8309613e-01	2.0963218e+00	1.5543154e+00	5.4200637e-01
4.0000000e+03	5.4686195e-01	8.2544029e-01	2.1444392e+00	1.6190815e+00	5.2535766e-01
4.0250000e+03	5.8134228e-01	8.6871040e-01	2.1972058e+00	1.6799452e+00	5.1726061e-01
4.0500000e+03	6.0222244e-01	8.8923264e-01	2.2124231e+00	1.7084340e+00	5.0398910e-01
4.0750000e+03	6.0831404e-01	8.7981588e-01	2.1780012e+00	1.6973146e+00	4.8068655e-01
4.1000000e+03	6.0599452e-01	8.7303567e-01	2.1692801e+00	1.6906345e+00	4.7864550e-01
4.1250000e+03	5.8476919e-01	8.5077977e-01	2.1397061e+00	1.6546223e+00	4.8508388e-01
4.1500000e+03	5.4884040e-01	7.9972100e-01	2.0416334e+00	1.5696571e+00	4.7197628e-01
4.1750000e+03	5.1523912e-01	7.5547600e-01	1.9453969e+00	1.4879376e+00	4.5745933e-01
4.2000000e+03	4.9495810e-01	7.2548026e-01	1.8616819e+00	1.4257991e+00	4.3588287e-01
4.2250000e+03	4.7759542e-01	6.9536281e-01	1.7744919e+00	1.3648413e+00	4.0965053e-01
4.2500000e+03	4.6055099e-01	6.7177713e-01	1.6934817e+00	1.3072919e+00	3.8618985e-01
4.2750000e+03	4.5000479e-01	6.5580374e-01	1.6245017e+00	1.2622557e+00	3.6224607e-01
4.3000000e+03	4.4267440e-01	6.4874685e-01	1.5765949e+00	1.2309718e+00	3.4562308e-01
4.3250000e+03	4.2009649e-01	6.3187182e-01	1.5125350e+00	1.1763639e+00	3.3617100e-01
4.3500000e+03	3.9440119e-01	6.0258430e-01	1.4202267e+00	1.1045146e+00	3.1571215e-01
4.3750000e+03	3.5565355e-01	5.5618554e-01	1.3084068e+00	1.0098569e+00	2.9854986e-01
4.4000000e+03	2.8813919e-01	4.7851267e-01	1.1522020e+00	8.6424017e-01	2.8796181e-01
4.4250000e+03	2.0211285e-01	3.7868351e-01	9.6214521e-01	6.8318546e-01	2.7895975e-01
4.4500000e+03	1.2953609e-01	2.9664871e-01	7.8457838e-01	5.2182531e-01	2.6275310e-01
4.4750000e+03	8.8664636e-02	2.5449589e-01	6.6992944e-01	4.2362934e-01	2.4630009e-01
4.5000000e+03	6.9310658e-02	2.3909120e-01	5.9903497e-01	3.6882815e-01	2.3020682e-01
