# Force coefficients
# liftDir     : (0.0000000e+00 1.0000000e+00 0.0000000e+00)
# dragDir     : (1.0000000e+00 0.0000000e+00 0.0000000e+00)
# pitchAxis   : (0.0000000e+00 0.0000000e+00 1.0000000e+00)
# magUInf     : 3.6089199e+01
# lRef        : 9.0219998e-01
# Aref        : 4.5109998e-02
# CofR        : (2.2555199e-01 0.0000000e+00 0.0000000e+00)
# Time        	Cm            	Cd            	Cl            	Cl(f)         	Cl(r)         	Cm	Cd	Cl	Cl(f)	Cl(r)
2.0250000e+03	5.9840299e-02	1.1671120e-01	1.2507601e+00	6.8522036e-01	5.6553972e-01
2.0500000e+03	6.3024133e-02	1.1895873e-01	1.2609562e+00	6.9350219e-01	5.6745398e-01
2.0750000e+03	6.8961017e-02	1.2775429e-01	1.2746149e+00	7.0626849e-01	5.6834644e-01
2.1000000e+03	7.3393993e-02	1.3765189e-01	1.2847505e+00	7.1576923e-01	5.6898123e-01
2.1250000e+03	7.9491757e-02	1.4736621e-01	1.2976753e+00	7.2832936e-01	5.6934589e-01
2.1500000e+03	8.6247183e-02	1.5592556e-01	1.3145591e+00	7.4352676e-01	5.7103235e-01
2.1750000e+03	8.9587212e-02	1.6019849e-01	1.3243505e+00	7.5176245e-01	5.7258803e-01
2.2000000e+03	8.4434293e-02	1.5417223e-01	1.3089935e+00	7.3893100e-01	5.7006246e-01
2.2250000e+03	8.0677949e-02	1.4863938e-01	1.2995772e+00	7.3046654e-01	5.6911069e-01
2.2500000e+03	7.7226952e-02	1.4272910e-01	1.2892472e+00	7.2185051e-01	5.6739664e-01
2.2750000e+03	7.6357432e-02	1.3932480e-01	1.2850376e+00	7.1887624e-01	5.6616139e-01
2.3000000e+03	7.8069627e-02	1.3859469e-01	1.2888038e+00	7.2247154e-01	5.6633228e-01
2.3250000e+03	8.1489608e-02	1.3955870e-01	1.2983854e+00	7.3068231e-01	5.6770307e-01
2.3500000e+03	8.8890180e-02	1.4507142e-01	1.3205241e+00	7.4915224e-01	5.7137185e-01
2.3750000e+03	9.9001847e-02	1.5517455e-01	1.3527528e+00	7.7537823e-01	5.7737458e-01
2.4000000e+03	1.0311356e-01	1.5819661e-01	1.3720053e+00	7.8911626e-01	5.8288908e-01
2.4250000e+03	9.5412254e-02	1.4766762e-01	1.3616678e+00	7.7624613e-01	5.8542162e-01
2.4500000e+03	8.7819636e-02	1.3784905e-01	1.3511858e+00	7.6341254e-01	5.8777326e-01
2.4750000e+03	7.9232059e-02	1.2783195e-01	1.3357165e+00	7.4709028e-01	5.8862621e-01
2.5000000e+03	7.2637953e-02	1.2020465e-01	1.3213506e+00	7.3331326e-01	5.8803731e-01
2.5250000e+03	7.2546668e-02	1.1884993e-01	1.3181896e+00	7.3164147e-01	5.8654815e-01
2.5500000e+03	8.2186677e-02	1.2818708e-01	1.3394874e+00	7.5193042e-01	5.8755702e-01
2.5750000e+03	9.7177915e-02	1.4468198e-01	1.3797661e+00	7.8706098e-01	5.9270513e-01
2.6000000e+03	1.0758252e-01	1.5803514e-01	1.4114678e+00	8.1331640e-01	5.9815139e-01
2.6250000e+03	9.8638348e-02	1.4874865e-01	1.3821295e+00	7.8970313e-01	5.9242642e-01
2.6500000e+03	8.7360099e-02	1.3688639e-01	1.3593236e+00	7.6702189e-01	5.9230173e-01
2.6750000e+03	7.9923928e-02	1.2991823e-01	1.3483474e+00	7.5409764e-01	5.9424978e-01
2.7000000e+03	6.9049820e-02	1.2021880e-01	1.3294966e+00	7.3379815e-01	5.9569848e-01
2.7250000e+03	5.7708692e-02	1.0968460e-01	1.3073269e+00	7.1137214e-01	5.9595478e-01
2.7500000e+03	5.2768826e-02	1.0453623e-01	1.2968903e+00	7.0121396e-01	5.9567630e-01
2.7750000e+03	5.7635456e-02	1.0813050e-01	1.3081571e+00	7.1171403e-01	5.9644306e-01
2.8000000e+03	7.2034031e-02	1.2122189e-01	1.3529276e+00	7.4849784e-01	6.0442972e-01
2.8250000e+03	8.8359192e-02	1.3865620e-01	1.4084271e+00	7.9257274e-01	6.1585438e-01
2.8500000e+03	9.3398355e-02	1.4410955e-01	1.4344946e+00	8.1064564e-01	6.2384897e-01
2.8750000e+03	8.6331442e-02	1.3561504e-01	1.4214174e+00	7.9704010e-01	6.2437725e-01
2.9000000e+03	7.5433709e-02	1.2434483e-01	1.4078656e+00	7.7936655e-01	6.2849909e-01
2.9250000e+03	5.8218293e-02	1.0737813e-01	1.3756224e+00	7.4602950e-01	6.2959290e-01
2.9500000e+03	4.0938701e-02	9.1594130e-02	1.3368795e+00	7.0937842e-01	6.2750107e-01
2.9750000e+03	3.3460278e-02	8.6956963e-02	1.3221531e+00	6.9453681e-01	6.2761629e-01
3.0000000e+03	3.3898428e-02	9.0289570e-02	1.3287303e+00	6.9826359e-01	6.3046676e-01
3.0250000e+03	3.9819334e-02	9.8734885e-02	1.3533077e+00	7.1647322e-01	6.3683450e-01
3.0500000e+03	4.7053225e-02	1.0757109e-01	1.3834013e+00	7.3875386e-01	6.4464742e-01
3.0750000e+03	5.5461388e-02	1.1672185e-01	1.4146918e+00	7.6280731e-01	6.5188450e-01
3.1000000e+03	6.0467198e-02	1.2135477e-01	1.4374254e+00	7.7917987e-01	6.5824550e-01
3.1250000e+03	6.4854808e-02	1.2496552e-01	1.4631474e+00	7.9642850e-01	6.6671890e-01
3.1500000e+03	5.3359993e-02	1.0940342e-01	1.4404789e+00	7.7359945e-01	6.6687948e-01
3.1750000e+03	5.1236477e-02	1.0440965e-01	1.4359909e+00	7.6923192e-01	6.6675901e-01
3.2000000e+03	5.0230630e-02	1.0205870e-01	1.4309514e+00	7.6570630e-01	6.6524506e-01
3.2250000e+03	5.3567976e-02	1.0630795e-01	1.4439247e+00	7.7553034e-01	6.6839433e-01
3.2500000e+03	5.7212070e-02	1.1185436e-01	1.4633454e+00	7.8888476e-01	6.7446065e-01
3.2750000e+03	6.0865704e-02	1.1713857e-01	1.4853861e+00	8.0355877e-01	6.8182737e-01
3.3000000e+03	6.9728471e-02	1.2803131e-01	1.5241005e+00	8.3177876e-01	6.9232178e-01
3.3250000e+03	7.0471622e-02	1.2883303e-01	1.5384940e+00	8.3971864e-01	6.9877535e-01
3.3500000e+03	6.5110825e-02	1.2040117e-01	1.5280504e+00	8.2913601e-01	6.9891441e-01
3.3750000e+03	6.1602224e-02	1.1279730e-01	1.5203545e+00	8.2177949e-01	6.9857502e-01
3.4000000e+03	6.2518261e-02	1.1021584e-01	1.5218916e+00	8.2346404e-01	6.9842756e-01
3.4250000e+03	6.7874663e-02	1.1420655e-01	1.5389020e+00	8.3732569e-01	7.0157635e-01
3.4500000e+03	7.4142694e-02	1.2183315e-01	1.5621011e+00	8.5519326e-01	7.0690787e-01
3.4750000e+03	7.1555346e-02	1.2109725e-01	1.5653199e+00	8.5421526e-01	7.1110463e-01
3.5000000e+03	6.6541821e-02	1.1783984e-01	1.5669330e+00	8.5000837e-01	7.1692467e-01
3.5250000e+03	6.1759267e-02	1.1356743e-01	1.5711197e+00	8.4731913e-01	7.2380054e-01
3.5500000e+03	5.9087999e-02	1.0933474e-01	1.5798819e+00	8.4902894e-01	7.3085296e-01
3.5750000e+03	5.2396365e-02	9.8089904e-02	1.5668068e+00	8.3579975e-01	7.3100704e-01
3.6000000e+03	5.5443436e-02	9.8195724e-02	1.5842273e+00	8.4755707e-01	7.3667026e-01
3.6250000e+03	5.5152465e-02	9.5823005e-02	1.5958335e+00	8.5306925e-01	7.4276429e-01
3.6500000e+03	5.0978400e-02	8.9816928e-02	1.5957395e+00	8.4884816e-01	7.4689132e-01
3.6750000e+03	4.6322145e-02	8.3204664e-02	1.5886236e+00	8.4063399e-01	7.4798965e-01
3.7000000e+03	4.7891576e-02	8.3178662e-02	1.5931133e+00	8.4444821e-01	7.4866509e-01
3.7250000e+03	5.6420743e-02	9.1331638e-02	1.6158983e+00	8.6436987e-01	7.5152838e-01
3.7500000e+03	6.6282928e-02	1.0174321e-01	1.6486466e+00	8.9060622e-01	7.5804037e-01
3.7750000e+03	7.5512394e-02	1.1178866e-01	1.6849651e+00	9.1799498e-01	7.6697016e-01
3.8000000e+03	7.8769609e-02	1.1410186e-01	1.7066334e+00	9.3208635e-01	7.7454710e-01
3.8250000e+03	6.5413930e-02	9.5087484e-02	1.6693410e+00	9.0008444e-01	7.6925653e-01
3.8500000e+03	6.5699741e-02	9.2140570e-02	1.6753736e+00	9.0338653e-01	7.7198702e-01
3.8750000e+03	6.6449039e-02	9.1591984e-02	1.6865740e+00	9.0973604e-01	7.7683794e-01
3.9000000e+03	6.2541969e-02	8.8094875e-02	1.6840552e+00	9.0456957e-01	7.7948564e-01
3.9250000e+03	5.9859078e-02	8.7500155e-02	1.6802136e+00	8.9996588e-01	7.8024769e-01
3.9500000e+03	5.7964679e-02	8.7027214e-02	1.6736114e+00	8.9477038e-01	7.7884102e-01
3.9750000e+03	5.9891474e-02	8.9247592e-02	1.6768712e+00	8.9832705e-01	7.7854413e-01
4.0000000e+03	6.2154904e-02	9.0799563e-02	1.6824683e+00	9.0338904e-01	7.7907926e-01
4.0250000e+03	6.6532321e-02	9.5286228e-02	1.6997653e+00	9.1641498e-01	7.8335035e-01
4.0500000e+03	7.1456611e-02	1.0077483e-01	1.7229898e+00	9.3295151e-01	7.9003829e-01
4.0750000e+03	7.2295949e-02	1.0168660e-01	1.7367439e+00	9.4066793e-01	7.9607600e-01
4.1000000e+03	6.6505477e-02	9.4126835e-02	1.7273537e+00	9.3018234e-01	7.9717135e-01
4.1250000e+03	5.9410818e-02	8.5257195e-02	1.7144274e+00	9.1662449e-01	7.9780287e-01
4.1500000e+03	5.4614928e-02	8.0289885e-02	1.7073987e+00	9.0831423e-01	7.9908442e-01
4.1750000e+03	5.3857993e-02	8.0487043e-02	1.7108999e+00	9.0930796e-01	8.0159199e-01
4.2000000e+03	5.9772521e-02	8.7814964e-02	1.7302619e+00	9.2490351e-01	8.0535841e-01
4.2250000e+03	6.3203789e-02	9.0781599e-02	1.7363318e+00	9.3136972e-01	8.0496210e-01
4.2500000e+03	6.2832087e-02	8.8572852e-02	1.7292145e+00	9.2743933e-01	8.0177522e-01
4.2750000e+03	6.6712730e-02	9.1593966e-02	1.7359711e+00	9.3469828e-01	8.0127281e-01
4.3000000e+03	7.3817119e-02	9.8588102e-02	1.7549903e+00	9.5131230e-01	8.0367804e-01
4.3250000e+03	8.0674261e-02	1.0567377e-01	1.7776408e+00	9.6949470e-01	8.0814612e-01
4.3500000e+03	8.2224794e-02	1.0628203e-01	1.7893946e+00	9.7692209e-01	8.1247252e-01
4.3750000e+03	8.0920592e-02	1.0319537e-01	1.7938852e+00	9.7786319e-01	8.1602204e-01
4.4000000e+03	7.7703968e-02	9.8049700e-02	1.7920697e+00	9.7373879e-01	8.1833088e-01
4.4250000e+03	7.2175145e-02	9.0691745e-02	1.7790793e+00	9.6171480e-01	8.1736451e-01
4.4500000e+03	7.0183530e-02	8.8876389e-02	1.7813655e+00	9.6086627e-01	8.2049924e-01
4.4750000e+03	6.5511875e-02	8.3698645e-02	1.7753558e+00	9.5318979e-01	8.2216603e-01
4.5000000e+03	6.3071951e-02	8.0016270e-02	1.7715491e+00	9.4884652e-01	8.2270259e-01
