# Force coefficients
# liftDir     : (0.0000000e+00 1.0000000e+00 0.0000000e+00)
# dragDir     : (1.0000000e+00 0.0000000e+00 0.0000000e+00)
# pitchAxis   : (0.0000000e+00 0.0000000e+00 1.0000000e+00)
# magUInf     : 3.6089199e+01
# lRef        : 9.0219998e-01
# Aref        : 4.5109998e-02
# CofR        : (2.2555199e-01 0.0000000e+00 0.0000000e+00)
# Time        	Cm            	Cd            	Cl            	Cl(f)         	Cl(r)         	Cm	Cd	Cl	Cl(f)	Cl(r)
2.5000000e+01	9.3530558e-02	2.1704589e-01	1.0118793e+00	5.9947020e-01	4.1240910e-01
5.0000000e+01	1.2530755e-01	2.5556439e-01	1.1940972e+00	7.2235614e-01	4.7174102e-01
7.5000000e+01	1.1502081e-01	2.4706616e-01	1.2386181e+00	7.3432988e-01	5.0428826e-01
1.0000000e+02	1.1921281e-01	2.5178999e-01	1.3139079e+00	7.7616674e-01	5.3774112e-01
1.2500000e+02	1.2772675e-01	2.6000619e-01	1.4023290e+00	8.2889122e-01	5.7343775e-01
1.5000000e+02	1.3661179e-01	2.6779389e-01	1.4973174e+00	8.8527048e-01	6.1204696e-01
1.7500000e+02	1.3979448e-01	2.6690286e-01	1.5772713e+00	9.2843014e-01	6.4884120e-01
2.0000000e+02	1.4264311e-01	2.6343563e-01	1.6539665e+00	9.6962637e-01	6.8434018e-01
2.2500000e+02	1.4362827e-01	2.5630581e-01	1.7199621e+00	1.0036093e+00	7.1635282e-01
2.5000000e+02	1.4402480e-01	2.4751091e-01	1.7793814e+00	1.0337155e+00	7.4566591e-01
2.7500000e+02	1.4346397e-01	2.3714314e-01	1.8304361e+00	1.0586820e+00	7.7175409e-01
3.0000000e+02	1.4331783e-01	2.2717679e-01	1.8793359e+00	1.0829858e+00	7.9635012e-01
3.2500000e+02	1.4381899e-01	2.1831937e-01	1.9265944e+00	1.1071162e+00	8.1947821e-01
3.5000000e+02	1.4397198e-01	2.0976311e-01	1.9672974e+00	1.1276207e+00	8.3967674e-01
3.7500000e+02	1.4116624e-01	1.9851610e-01	1.9894317e+00	1.1358821e+00	8.5354960e-01
4.0000000e+02	1.3773617e-01	1.8784779e-01	2.0016546e+00	1.1385635e+00	8.6309111e-01
4.2500000e+02	1.3439640e-01	1.7900454e-01	2.0082562e+00	1.1385245e+00	8.6973166e-01
4.5000000e+02	1.3173720e-01	1.7248544e-01	2.0135002e+00	1.1384873e+00	8.7501287e-01
4.7500000e+02	1.2957966e-01	1.6758360e-01	2.0180089e+00	1.1385841e+00	8.7942481e-01
5.0000000e+02	1.2787467e-01	1.6374721e-01	2.0217817e+00	1.1387656e+00	8.8301617e-01
5.2500000e+02	1.2584504e-01	1.6019846e-01	2.0202935e+00	1.1359918e+00	8.8430166e-01
5.5000000e+02	1.2353700e-01	1.5746541e-01	2.0126262e+00	1.1298501e+00	8.8277608e-01
5.7500000e+02	1.2076449e-01	1.5523846e-01	1.9981875e+00	1.1198583e+00	8.7832928e-01
6.0000000e+02	1.1868025e-01	1.5379055e-01	1.9813273e+00	1.1093439e+00	8.7198341e-01
6.2500000e+02	1.1748018e-01	1.5241610e-01	1.9628249e+00	1.0988927e+00	8.6393231e-01
6.5000000e+02	1.1588498e-01	1.4949301e-01	1.9391322e+00	1.0854511e+00	8.5368115e-01
6.7500000e+02	1.1999878e-01	1.5121916e-01	1.9206816e+00	1.0803396e+00	8.4034204e-01
7.0000000e+02	1.2618789e-01	1.5537867e-01	1.9070333e+00	1.0797045e+00	8.2732880e-01
7.2500000e+02	1.3038655e-01	1.5813583e-01	1.8864909e+00	1.0736320e+00	8.1285894e-01
7.5000000e+02	1.3108417e-01	1.5820983e-01	1.8547757e+00	1.0584720e+00	7.9630363e-01
7.7500000e+02	1.2846175e-01	1.5583502e-01	1.8113662e+00	1.0341449e+00	7.7722132e-01
8.0000000e+02	1.2290730e-01	1.5159932e-01	1.7589183e+00	1.0023664e+00	7.5655186e-01
8.2500000e+02	1.1531308e-01	1.4630817e-01	1.7002022e+00	9.6541417e-01	7.3478806e-01
8.5000000e+02	1.0798487e-01	1.4185195e-01	1.6421343e+00	9.2905200e-01	7.1308231e-01
8.7500000e+02	1.0405480e-01	1.4046627e-01	1.5898901e+00	8.9899987e-01	6.9089025e-01
9.0000000e+02	1.0684426e-01	1.4500315e-01	1.5513120e+00	8.8250023e-01	6.6881174e-01
9.2500000e+02	1.1712683e-01	1.5618069e-01	1.5285175e+00	8.8138556e-01	6.4713192e-01
9.5000000e+02	1.3302553e-01	1.7268439e-01	1.5195543e+00	8.9280266e-01	6.2675160e-01
9.7500000e+02	1.4673679e-01	1.8776678e-01	1.5064814e+00	8.9997751e-01	6.0650390e-01
1.0000000e+03	1.4639817e-01	1.9174090e-01	1.4622762e+00	8.7753630e-01	5.8473992e-01
1.0250000e+03	1.1791271e-01	1.7319770e-01	1.3519746e+00	7.9390001e-01	5.5807459e-01
1.0500000e+03	6.8174988e-02	1.3687301e-01	1.1815258e+00	6.5893793e-01	5.2258790e-01
1.0750000e+03	4.2052504e-02	1.1888196e-01	1.0559543e+00	5.7002968e-01	4.8592466e-01
1.1000000e+03	4.9465414e-02	1.2846032e-01	1.0301286e+00	5.6452972e-01	4.6559888e-01
1.1250000e+03	6.5890051e-02	1.4755860e-01	1.0595132e+00	5.9564668e-01	4.6386656e-01
1.1500000e+03	8.0037400e-02	1.6244698e-01	1.0988979e+00	6.2948638e-01	4.6941155e-01
1.1750000e+03	8.1176817e-02	1.6151088e-01	1.1018054e+00	6.3207954e-01	4.6972591e-01
1.2000000e+03	1.0173728e-01	1.7934963e-01	1.1432604e+00	6.7336744e-01	4.6989289e-01
1.2250000e+03	1.2729855e-01	2.0178588e-01	1.1894726e+00	7.2203481e-01	4.6743774e-01
1.2500000e+03	1.3814992e-01	2.1252912e-01	1.1990471e+00	7.3767346e-01	4.6137363e-01
1.2750000e+03	1.2110762e-01	2.0167215e-01	1.1480311e+00	6.9512320e-01	4.5290792e-01
1.3000000e+03	8.3145596e-02	1.7424150e-01	1.0528338e+00	6.0956252e-01	4.4327131e-01
1.3250000e+03	7.7402629e-02	1.7481887e-01	1.0362126e+00	5.9550893e-01	4.4070366e-01
1.3500000e+03	8.8815510e-02	1.9003589e-01	1.0693603e+00	6.2349564e-01	4.4586462e-01
1.3750000e+03	9.7081266e-02	1.9734880e-01	1.1068541e+00	6.5050828e-01	4.5634577e-01
1.4000000e+03	9.3142539e-02	1.8764579e-01	1.1114742e+00	6.4887965e-01	4.6259454e-01
1.4250000e+03	8.6366974e-02	1.7372522e-01	1.1077133e+00	6.4022362e-01	4.6748969e-01
1.4500000e+03	9.3043849e-02	1.7525853e-01	1.1485494e+00	6.6731858e-01	4.8123085e-01
1.4750000e+03	1.0085422e-01	1.7882341e-01	1.1922246e+00	6.9696653e-01	4.9525809e-01
1.5000000e+03	1.0139870e-01	1.7691791e-01	1.2158275e+00	7.0931244e-01	5.0651503e-01
1.5250000e+03	9.0992279e-02	1.6739120e-01	1.2081029e+00	6.9504374e-01	5.1305920e-01
1.5500000e+03	7.8329414e-02	1.5830024e-01	1.1914922e+00	6.7407548e-01	5.1741672e-01
1.5750000e+03	7.1265958e-02	1.5719047e-01	1.1819988e+00	6.6226536e-01	5.1973349e-01
1.6000000e+03	6.9063269e-02	1.5750076e-01	1.1806657e+00	6.5939611e-01	5.2126962e-01
1.6250000e+03	7.0230842e-02	1.5692441e-01	1.1922323e+00	6.6634697e-01	5.2588528e-01
1.6500000e+03	6.9982298e-02	1.5337658e-01	1.1999617e+00	6.6996312e-01	5.2999854e-01
1.6750000e+03	7.2782628e-02	1.5335868e-01	1.2197993e+00	6.8268228e-01	5.3711700e-01
1.7000000e+03	7.7515870e-02	1.5629482e-01	1.2515755e+00	7.0330358e-01	5.4827189e-01
1.7250000e+03	7.8732461e-02	1.5591754e-01	1.2739148e+00	7.1568990e-01	5.5822492e-01
1.7500000e+03	7.4950069e-02	1.5129817e-01	1.2746584e+00	7.1227932e-01	5.6237912e-01
1.7750000e+03	7.0796221e-02	1.4810950e-01	1.2683840e+00	7.0498824e-01	5.6339574e-01
1.8000000e+03	7.4536785e-02	1.5398498e-01	1.2878475e+00	7.1846056e-01	5.6938696e-01
1.8250000e+03	7.4605100e-02	1.5651606e-01	1.2996080e+00	7.2440910e-01	5.7519889e-01
1.8500000e+03	6.6937730e-02	1.4797898e-01	1.2833788e+00	7.0862716e-01	5.7475168e-01
1.8750000e+03	6.5065637e-02	1.4344865e-01	1.2835017e+00	7.0681649e-01	5.7668525e-01
1.9000000e+03	6.4339153e-02	1.3998303e-01	1.2853720e+00	7.0702517e-01	5.7834685e-01
1.9250000e+03	6.6294141e-02	1.4033063e-01	1.2982298e+00	7.1540904e-01	5.8282077e-01
1.9500000e+03	6.9465518e-02	1.4263092e-01	1.3188200e+00	7.2887552e-01	5.8994448e-01
1.9750000e+03	6.9739491e-02	1.4221676e-01	1.3303058e+00	7.3489237e-01	5.9541345e-01
2.0000000e+03	6.5842018e-02	1.3855422e-01	1.3224113e+00	7.2704768e-01	5.9536362e-01
