# Force coefficients
# liftDir     : (0.0000000e+00 1.0000000e+00 0.0000000e+00)
# dragDir     : (1.0000000e+00 0.0000000e+00 0.0000000e+00)
# pitchAxis   : (0.0000000e+00 0.0000000e+00 1.0000000e+00)
# magUInf     : 3.6089199e+01
# lRef        : 9.0219998e-01
# Aref        : 4.5109998e-02
# CofR        : (2.2555199e-01 0.0000000e+00 0.0000000e+00)
# Time        	Cm            	Cd            	Cl            	Cl(f)         	Cl(r)         	Cm	Cd	Cl	Cl(f)	Cl(r)
2.5000000e+01	9.8808274e-02	2.2692430e-01	1.0287150e+00	6.1316580e-01	4.1554922e-01
5.0000000e+01	1.2603122e-01	2.5864145e-01	1.1972940e+00	7.2467822e-01	4.7261578e-01
7.5000000e+01	1.1545096e-01	2.5010204e-01	1.2407510e+00	7.3582649e-01	5.0492454e-01
1.0000000e+02	1.1966069e-01	2.5489569e-01	1.3153586e+00	7.7733999e-01	5.3801864e-01
1.2500000e+02	1.2827241e-01	2.6312232e-01	1.4026756e+00	8.2961023e-01	5.7306540e-01
1.5000000e+02	1.3735846e-01	2.7097586e-01	1.4969443e+00	8.8583064e-01	6.1111367e-01
1.7500000e+02	1.4060210e-01	2.6996621e-01	1.5765402e+00	9.2887223e-01	6.4766800e-01
2.0000000e+02	1.4320558e-01	2.6609775e-01	1.6525751e+00	9.6949315e-01	6.8308198e-01
2.2500000e+02	1.4364691e-01	2.5830463e-01	1.7173787e+00	1.0023363e+00	7.1504247e-01
2.5000000e+02	1.4334831e-01	2.4867538e-01	1.7753819e+00	1.0310392e+00	7.4434268e-01
2.7500000e+02	1.4202549e-01	2.3735897e-01	1.8250008e+00	1.0545259e+00	7.7047491e-01
3.0000000e+02	1.4106120e-01	2.2642402e-01	1.8724035e+00	1.0772630e+00	7.9514056e-01
3.2500000e+02	1.4070216e-01	2.1666405e-01	1.9182215e+00	1.0998129e+00	8.1840861e-01
3.5000000e+02	1.4013259e-01	2.0746191e-01	1.9579542e+00	1.1191096e+00	8.3884448e-01
3.7500000e+02	1.3684180e-01	1.9584210e-01	1.9796549e+00	1.1266693e+00	8.5298562e-01
4.0000000e+02	1.3320330e-01	1.8513687e-01	1.9921460e+00	1.1292763e+00	8.6286974e-01
4.2500000e+02	1.2981494e-01	1.7646666e-01	1.9994652e+00	1.1295476e+00	8.6991769e-01
4.5000000e+02	1.2726478e-01	1.7033006e-01	2.0059397e+00	1.1302346e+00	8.7570506e-01
4.7500000e+02	1.2536459e-01	1.6600323e-01	2.0122302e+00	1.1314796e+00	8.8075048e-01
5.0000000e+02	1.2403270e-01	1.6295770e-01	2.0183821e+00	1.1332238e+00	8.8515836e-01
5.2500000e+02	1.2237708e-01	1.6026914e-01	2.0195665e+00	1.1321603e+00	8.8740617e-01
5.5000000e+02	1.2041227e-01	1.5845539e-01	2.0149183e+00	1.1278714e+00	8.8704687e-01
5.7500000e+02	1.1780048e-01	1.5706792e-01	2.0036585e+00	1.1196297e+00	8.8402879e-01
6.0000000e+02	1.1536017e-01	1.5628070e-01	1.9902743e+00	1.1104974e+00	8.7977695e-01
6.2500000e+02	1.1293410e-01	1.5524042e-01	1.9751952e+00	1.1005317e+00	8.7466347e-01
6.5000000e+02	1.1088806e-01	1.5412800e-01	1.9602535e+00	1.0910149e+00	8.6923867e-01
6.7500000e+02	1.0888065e-01	1.5260817e-01	1.9435791e+00	1.0806702e+00	8.6290890e-01
7.0000000e+02	1.0749718e-01	1.5155543e-01	1.9264023e+00	1.0706984e+00	8.5570401e-01
7.2500000e+02	1.0690147e-01	1.5133891e-01	1.9074414e+00	1.0606222e+00	8.4681922e-01
7.5000000e+02	1.0746129e-01	1.5274632e-01	1.8886734e+00	1.0517980e+00	8.3687544e-01
7.7500000e+02	1.0760991e-01	1.5466215e-01	1.8672068e+00	1.0412133e+00	8.2599348e-01
8.0000000e+02	1.0729343e-01	1.5719572e-01	1.8443055e+00	1.0294461e+00	8.1485933e-01
8.2500000e+02	1.0689091e-01	1.6054787e-01	1.8201487e+00	1.0169653e+00	8.0318344e-01
8.5000000e+02	1.0771418e-01	1.6590346e-01	1.7986847e+00	1.0070565e+00	7.9162818e-01
8.7500000e+02	1.0954724e-01	1.7274846e-01	1.7785012e+00	9.9879783e-01	7.7970332e-01
9.0000000e+02	1.1154172e-01	1.8021385e-01	1.7583970e+00	9.9074018e-01	7.6765680e-01
9.2500000e+02	1.1163584e-01	1.8612571e-01	1.7329684e+00	9.7812009e-01	7.5484836e-01
9.5000000e+02	1.1084805e-01	1.9125433e-01	1.7053093e+00	9.6350271e-01	7.4180657e-01
9.7500000e+02	1.1139680e-01	1.9732541e-01	1.6802472e+00	9.5152038e-01	7.2872680e-01
1.0000000e+03	1.1433064e-01	2.0553108e-01	1.6621606e+00	9.4541097e-01	7.1674967e-01
1.0250000e+03	1.1625913e-01	2.1339272e-01	1.6443225e+00	9.3842041e-01	7.0590210e-01
1.0500000e+03	1.1530371e-01	2.1923134e-01	1.6214991e+00	9.2605323e-01	6.9544584e-01
1.0750000e+03	1.1304691e-01	2.2362237e-01	1.5917491e+00	9.0892142e-01	6.8282765e-01
1.1000000e+03	1.1473566e-01	2.3076430e-01	1.5669012e+00	8.9818627e-01	6.6871494e-01
1.1250000e+03	1.3130343e-01	2.4937223e-01	1.5688325e+00	9.1571969e-01	6.5311283e-01
1.1500000e+03	1.7195997e-01	2.8968191e-01	1.6219857e+00	9.8295283e-01	6.3903284e-01
1.1750000e+03	2.1945572e-01	3.3751124e-01	1.6923267e+00	1.0656190e+00	6.2670761e-01
1.2000000e+03	2.5451681e-01	3.7528676e-01	1.7375304e+00	1.1232820e+00	6.1424839e-01
