# Force coefficients
# liftDir     : (0.0000000e+00 1.0000000e+00 0.0000000e+00)
# dragDir     : (1.0000000e+00 0.0000000e+00 0.0000000e+00)
# pitchAxis   : (0.0000000e+00 0.0000000e+00 1.0000000e+00)
# magUInf     : 3.6089199e+01
# lRef        : 9.0219998e-01
# Aref        : 9.0221003e-02
# CofR        : (2.2555199e-01 0.0000000e+00 0.0000000e+00)
# Time        	Cm            	Cd            	Cl            	Cl(f)         	Cl(r)         	Cm	Cd	Cl	Cl(f)	Cl(r)
2.0250000e+03	8.0757014e-02	1.4256538e-01	1.1993836e+00	6.8044883e-01	5.1893479e-01
2.0500000e+03	8.4388718e-02	1.4625154e-01	1.2134250e+00	6.9110125e-01	5.2232379e-01
2.0750000e+03	8.7977678e-02	1.5239972e-01	1.2225802e+00	6.9926775e-01	5.2331245e-01
2.1000000e+03	9.3422055e-02	1.6135208e-01	1.2298236e+00	7.0833385e-01	5.2148974e-01
2.1250000e+03	9.8945007e-02	1.7018634e-01	1.2357746e+00	7.1683234e-01	5.1894230e-01
2.1500000e+03	1.0539193e-01	1.7871340e-01	1.2416635e+00	7.2622365e-01	5.1543981e-01
2.1750000e+03	1.1216146e-01	1.8674409e-01	1.2505454e+00	7.3743415e-01	5.1311123e-01
2.2000000e+03	1.2013666e-01	1.9588739e-01	1.2708527e+00	7.5556302e-01	5.1528966e-01
2.2250000e+03	1.3005780e-01	2.0506743e-01	1.2921435e+00	7.7612954e-01	5.1601392e-01
2.2500000e+03	1.4468081e-01	2.1778063e-01	1.3243327e+00	8.0684716e-01	5.1748556e-01
2.2750000e+03	1.5837899e-01	2.2912112e-01	1.3542589e+00	8.3550847e-01	5.1875043e-01
2.3000000e+03	1.5421171e-01	2.1973093e-01	1.3349713e+00	8.2169735e-01	5.1327395e-01
2.3250000e+03	1.5885167e-01	2.1892782e-01	1.3493961e+00	8.3354974e-01	5.1584637e-01
2.3500000e+03	1.6160427e-01	2.1522547e-01	1.3588260e+00	8.4101731e-01	5.1780874e-01
2.3750000e+03	1.6162923e-01	2.1026281e-01	1.3645508e+00	8.4390461e-01	5.2064621e-01
2.4000000e+03	1.5136236e-01	1.9526279e-01	1.3438283e+00	8.2327652e-01	5.2055180e-01
2.4250000e+03	1.3465062e-01	1.7279029e-01	1.2984650e+00	7.8388309e-01	5.1458192e-01
2.4500000e+03	1.2237572e-01	1.5752007e-01	1.2624596e+00	7.5360554e-01	5.0885409e-01
2.4750000e+03	1.1180980e-01	1.4732572e-01	1.2374374e+00	7.3052847e-01	5.0690889e-01
2.5000000e+03	9.9863872e-02	1.3725810e-01	1.2145492e+00	7.0713848e-01	5.0741071e-01
2.5250000e+03	8.7064639e-02	1.2847216e-01	1.1907436e+00	6.8243641e-01	5.0830716e-01
2.5500000e+03	7.0678249e-02	1.1868516e-01	1.1690422e+00	6.5519935e-01	5.1384288e-01
2.5750000e+03	4.9952731e-02	1.0741807e-01	1.1525103e+00	6.2620789e-01	5.2630240e-01
2.6000000e+03	2.6895594e-02	9.1884337e-02	1.1164593e+00	5.8512521e-01	5.3133404e-01
2.6250000e+03	1.2380463e-02	8.3062962e-02	1.0841913e+00	5.5447614e-01	5.2971518e-01
2.6500000e+03	1.8336862e-02	9.2838824e-02	1.0879128e+00	5.6229329e-01	5.2561951e-01
2.6750000e+03	3.7271474e-02	1.1257704e-01	1.1106313e+00	5.9258717e-01	5.1804417e-01
2.7000000e+03	4.9931463e-02	1.2411734e-01	1.1160761e+00	6.0796952e-01	5.0810659e-01
2.7250000e+03	5.6746542e-02	1.3019903e-01	1.1160494e+00	6.1477125e-01	5.0127816e-01
2.7500000e+03	7.8020446e-02	1.5113875e-01	1.1629615e+00	6.5950119e-01	5.0346029e-01
2.7750000e+03	1.1444964e-01	1.8662719e-01	1.2553108e+00	7.4210501e-01	5.1320577e-01
2.8000000e+03	1.4896525e-01	2.1933912e-01	1.3430706e+00	8.2050055e-01	5.2257007e-01
2.8250000e+03	1.6926859e-01	2.3865004e-01	1.3981261e+00	8.6833167e-01	5.2979445e-01
2.8500000e+03	1.7618746e-01	2.4483564e-01	1.4188126e+00	8.8559377e-01	5.3321886e-01
2.8750000e+03	1.7893234e-01	2.4490930e-01	1.4242330e+00	8.9104879e-01	5.3318417e-01
2.9000000e+03	1.8384065e-01	2.4568070e-01	1.4283898e+00	8.9803553e-01	5.3035426e-01
2.9250000e+03	1.8796721e-01	2.4563438e-01	1.4258385e+00	9.0088642e-01	5.2495205e-01
2.9500000e+03	1.8955588e-01	2.4542038e-01	1.4150488e+00	8.9708030e-01	5.1796854e-01
2.9750000e+03	1.8671884e-01	2.4350913e-01	1.3986616e+00	8.8604963e-01	5.1261199e-01
3.0000000e+03	1.6823621e-01	2.2784127e-01	1.3548347e+00	8.4565353e-01	5.0918114e-01
3.0250000e+03	1.3863799e-01	2.0071147e-01	1.2903405e+00	7.8380823e-01	5.0653231e-01
3.0500000e+03	1.1209163e-01	1.7778768e-01	1.2303957e+00	7.2728944e-01	5.0310624e-01
3.0750000e+03	8.9911439e-02	1.5895981e-01	1.1793941e+00	6.7960852e-01	4.9978563e-01
3.1000000e+03	7.2109707e-02	1.4350703e-01	1.1354889e+00	6.3985413e-01	4.9563473e-01
3.1250000e+03	5.5740189e-02	1.2889376e-01	1.0921519e+00	6.0181612e-01	4.9033576e-01
3.1500000e+03	3.6422636e-02	1.1080756e-01	1.0397756e+00	5.5631042e-01	4.8346516e-01
3.1750000e+03	2.0109892e-02	9.4890356e-02	9.9251831e-01	5.1636904e-01	4.7614926e-01
3.2000000e+03	7.6655657e-03	8.2430676e-02	9.5645696e-01	4.8589405e-01	4.7056291e-01
3.2250000e+03	4.5668930e-03	7.8712165e-02	9.4421375e-01	4.7667378e-01	4.6753997e-01
3.2500000e+03	1.6120445e-02	8.8587984e-02	9.6956134e-01	5.0090110e-01	4.6866024e-01
3.2750000e+03	3.8287226e-02	1.0900506e-01	1.0276140e+00	5.5209422e-01	4.7551978e-01
3.3000000e+03	6.1586104e-02	1.3005163e-01	1.0937346e+00	6.0845339e-01	4.8528120e-01
3.3250000e+03	8.2484215e-02	1.4783682e-01	1.1540232e+00	6.5949583e-01	4.9452737e-01
3.3500000e+03	1.0875448e-01	1.7086874e-01	1.2259308e+00	7.2171986e-01	5.0421095e-01
3.3750000e+03	1.3941859e-01	1.9882503e-01	1.3055147e+00	7.9217595e-01	5.1333874e-01
3.4000000e+03	1.5749159e-01	2.1624877e-01	1.3551003e+00	8.3504176e-01	5.2005851e-01
3.4250000e+03	1.5917757e-01	2.2059001e-01	1.3673055e+00	8.4283030e-01	5.2447522e-01
3.4500000e+03	1.5538222e-01	2.2089548e-01	1.3714694e+00	8.4111691e-01	5.3035247e-01
3.4750000e+03	1.4782369e-01	2.1849047e-01	1.3662343e+00	8.3094084e-01	5.3529346e-01
3.5000000e+03	1.3580135e-01	2.1146257e-01	1.3415843e+00	8.0659354e-01	5.3499079e-01
3.5250000e+03	1.2261239e-01	1.9932690e-01	1.3060679e+00	7.7564639e-01	5.3042156e-01
3.5500000e+03	1.2218061e-01	1.9529589e-01	1.3053486e+00	7.7485490e-01	5.3049374e-01
3.5750000e+03	1.2873165e-01	1.9920117e-01	1.3248235e+00	7.9114342e-01	5.3368008e-01
3.6000000e+03	1.3510154e-01	2.0562898e-01	1.3467705e+00	8.0848682e-01	5.3828371e-01
3.6250000e+03	1.2983014e-01	2.0194498e-01	1.3404355e+00	8.0004787e-01	5.4038763e-01
3.6500000e+03	1.1889393e-01	1.9297877e-01	1.3202293e+00	7.7900857e-01	5.4122072e-01
3.6750000e+03	1.0569081e-01	1.7993124e-01	1.2928095e+00	7.5209558e-01	5.4071391e-01
3.7000000e+03	9.6948527e-02	1.6574940e-01	1.2699969e+00	7.3194695e-01	5.3804994e-01
3.7250000e+03	1.0738175e-01	1.7135011e-01	1.2970872e+00	7.5592536e-01	5.4116184e-01
3.7500000e+03	1.2236355e-01	1.8218622e-01	1.3407429e+00	7.9273504e-01	5.4800791e-01
3.7750000e+03	1.3522179e-01	1.9189367e-01	1.3840922e+00	8.2726789e-01	5.5682433e-01
3.8000000e+03	1.4326406e-01	1.9893609e-01	1.4183086e+00	8.5241836e-01	5.6589025e-01
3.8250000e+03	1.3383336e-01	1.9133124e-01	1.4101815e+00	8.3892411e-01	5.7125741e-01
3.8500000e+03	9.8693989e-02	1.5957575e-01	1.3328739e+00	7.6513094e-01	5.6774300e-01
3.8750000e+03	6.7106403e-02	1.3084885e-01	1.2547814e+00	6.9449711e-01	5.6028426e-01
3.9000000e+03	6.0161453e-02	1.2244643e-01	1.2306560e+00	6.7548949e-01	5.5516654e-01
3.9250000e+03	6.8103597e-02	1.2712292e-01	1.2435819e+00	6.8989456e-01	5.5368733e-01
3.9500000e+03	8.2515799e-02	1.3790286e-01	1.2755677e+00	7.2029960e-01	5.5526805e-01
3.9750000e+03	1.0310633e-01	1.5581386e-01	1.3329304e+00	7.6957154e-01	5.6335890e-01
4.0000000e+03	1.2919970e-01	1.8180306e-01	1.4171284e+00	8.3776391e-01	5.7936454e-01
4.0250000e+03	1.4278254e-01	1.9682735e-01	1.4720758e+00	8.7882042e-01	5.9325540e-01
4.0500000e+03	1.4378627e-01	1.9914356e-01	1.4981036e+00	8.9283806e-01	6.0526556e-01
4.0750000e+03	1.2330692e-01	1.7777176e-01	1.4626513e+00	8.5463256e-01	6.0801870e-01
4.1000000e+03	1.0679278e-01	1.6224228e-01	1.4333239e+00	8.2345474e-01	6.0986912e-01
4.1250000e+03	8.4707297e-02	1.3924362e-01	1.3762816e+00	7.7284813e-01	6.0343349e-01
4.1500000e+03	7.8481413e-02	1.3211820e-01	1.3646606e+00	7.6081175e-01	6.0384887e-01
4.1750000e+03	8.1655182e-02	1.3282982e-01	1.3733331e+00	7.6832175e-01	6.0501134e-01
4.2000000e+03	8.9763723e-02	1.3846727e-01	1.3949575e+00	7.8724247e-01	6.0771507e-01
4.2250000e+03	9.7474478e-02	1.4469023e-01	1.4169203e+00	8.0593461e-01	6.1098570e-01
4.2500000e+03	1.0495962e-01	1.5290080e-01	1.4382925e+00	8.2410586e-01	6.1418664e-01
4.2750000e+03	1.0558195e-01	1.5474178e-01	1.4452666e+00	8.2821524e-01	6.1705136e-01
4.3000000e+03	9.4493754e-02	1.4325468e-01	1.4252083e+00	8.0709791e-01	6.1811042e-01
4.3250000e+03	8.3658926e-02	1.3129549e-01	1.4069829e+00	7.8715038e-01	6.1983252e-01
4.3500000e+03	7.8876615e-02	1.2595041e-01	1.4044250e+00	7.8108913e-01	6.2333590e-01
4.3750000e+03	7.8231096e-02	1.2377989e-01	1.4100406e+00	7.8325140e-01	6.2678921e-01
4.4000000e+03	8.2966201e-02	1.2624520e-01	1.4259738e+00	7.9595309e-01	6.3002068e-01
4.4250000e+03	9.2262834e-02	1.3368098e-01	1.4512395e+00	8.1788254e-01	6.3335693e-01
4.4500000e+03	1.0252911e-01	1.4388083e-01	1.4772850e+00	8.4117162e-01	6.3611341e-01
4.4750000e+03	1.0585874e-01	1.4890674e-01	1.4800572e+00	8.4588736e-01	6.3416988e-01
4.5000000e+03	9.7691052e-02	1.4183548e-01	1.4539410e+00	8.2466155e-01	6.2927943e-01
