# Force coefficients
# liftDir     : (0.0000000e+00 1.0000000e+00 0.0000000e+00)
# dragDir     : (1.0000000e+00 0.0000000e+00 0.0000000e+00)
# pitchAxis   : (0.0000000e+00 0.0000000e+00 1.0000000e+00)
# magUInf     : 3.6089199e+01
# lRef        : 9.0219998e-01
# Aref        : 6.3155003e-02
# CofR        : (2.2555199e-01 0.0000000e+00 0.0000000e+00)
# Time        	Cm            	Cd            	Cl            	Cl(f)         	Cl(r)         	Cm	Cd	Cl	Cl(f)	Cl(r)
2.0250000e+03	1.8006408e-01	2.6377761e-01	1.9607503e+00	1.1604393e+00	8.0031109e-01
2.0500000e+03	1.7997652e-01	2.4097140e-01	1.9728858e+00	1.1664195e+00	8.0646640e-01
2.0750000e+03	1.6938016e-01	2.1423112e-01	1.9407433e+00	1.1397518e+00	8.0099154e-01
2.1000000e+03	1.5622172e-01	1.9463658e-01	1.8915944e+00	1.1020190e+00	7.8957546e-01
2.1250000e+03	1.4022899e-01	1.8262185e-01	1.8295488e+00	1.0550034e+00	7.7454543e-01
2.1500000e+03	1.2385781e-01	1.8351747e-01	1.7776661e+00	1.0126909e+00	7.6497525e-01
2.1750000e+03	1.1429767e-01	1.9639948e-01	1.7408155e+00	9.8470545e-01	7.5611007e-01
2.2000000e+03	1.2176210e-01	2.3419234e-01	1.7356920e+00	9.8960811e-01	7.4608392e-01
2.2250000e+03	1.3616607e-01	2.8231132e-01	1.7543365e+00	1.0133343e+00	7.4100220e-01
2.2500000e+03	1.4894493e-01	3.2654446e-01	1.7624125e+00	1.0301512e+00	7.3226136e-01
2.2750000e+03	1.6081883e-01	3.6452255e-01	1.7612138e+00	1.0414257e+00	7.1978807e-01
2.3000000e+03	1.7526194e-01	4.0124360e-01	1.7675178e+00	1.0590209e+00	7.0849693e-01
2.3250000e+03	1.8141948e-01	4.1674733e-01	1.7356423e+00	1.0492406e+00	6.8640167e-01
2.3500000e+03	1.9104259e-01	4.3338868e-01	1.6993637e+00	1.0407244e+00	6.5863925e-01
2.3750000e+03	2.0226009e-01	4.5094180e-01	1.6579067e+00	1.0312134e+00	6.2669325e-01
2.4000000e+03	2.0399584e-01	4.7061464e-01	1.6103897e+00	1.0091907e+00	6.0119903e-01
2.4250000e+03	2.1088935e-01	4.9167228e-01	1.5692756e+00	9.9552715e-01	5.7374847e-01
2.4500000e+03	2.2606294e-01	5.1212323e-01	1.5601941e+00	1.0061600e+00	5.5403411e-01
2.4750000e+03	2.4582124e-01	5.3233969e-01	1.5467538e+00	1.0191982e+00	5.2755564e-01
2.5000000e+03	2.5778306e-01	5.4605281e-01	1.5426550e+00	1.0291106e+00	5.1354444e-01
2.5250000e+03	2.6183662e-01	5.5323410e-01	1.5657065e+00	1.0446899e+00	5.2101660e-01
2.5500000e+03	2.6857975e-01	5.6284291e-01	1.6108557e+00	1.0740076e+00	5.3684807e-01
2.5750000e+03	2.6700795e-01	5.5788928e-01	1.6332148e+00	1.0836153e+00	5.4959947e-01
2.6000000e+03	2.4643685e-01	5.2421796e-01	1.5935248e+00	1.0431993e+00	5.5032557e-01
2.6250000e+03	2.0977332e-01	4.7078425e-01	1.4993771e+00	9.5946187e-01	5.3991526e-01
2.6500000e+03	1.7153500e-01	4.2113271e-01	1.3989546e+00	8.7101233e-01	5.2794230e-01
2.6750000e+03	1.3598046e-01	3.7755898e-01	1.3066740e+00	7.8931749e-01	5.1735651e-01
2.7000000e+03	1.1631298e-01	3.6250949e-01	1.2686841e+00	7.5065506e-01	5.1802909e-01
2.7250000e+03	1.0298080e-01	3.6259356e-01	1.2545105e+00	7.3023605e-01	5.2427447e-01
2.7500000e+03	9.1475315e-02	3.6229184e-01	1.2236793e+00	7.0331496e-01	5.2036434e-01
2.7750000e+03	8.7391943e-02	3.6353013e-01	1.1907884e+00	6.8278611e-01	5.0800228e-01
2.8000000e+03	1.0607190e-01	3.9872706e-01	1.2157398e+00	7.1394181e-01	5.0179803e-01
2.8250000e+03	1.3966066e-01	4.4876251e-01	1.2691555e+00	7.7423841e-01	4.9491709e-01
2.8500000e+03	1.7851621e-01	5.1947099e-01	1.3666385e+00	8.6183548e-01	5.0480306e-01
2.8750000e+03	2.1363479e-01	5.8309823e-01	1.4568101e+00	9.4203985e-01	5.1477027e-01
2.9000000e+03	2.3327743e-01	6.1610222e-01	1.4973249e+00	9.8193991e-01	5.1538503e-01
2.9250000e+03	2.5523788e-01	6.4985335e-01	1.5526187e+00	1.0315473e+00	5.2107149e-01
2.9500000e+03	2.6754406e-01	6.5997523e-01	1.5761033e+00	1.0555958e+00	5.2050757e-01
2.9750000e+03	2.6505458e-01	6.3249147e-01	1.5428590e+00	1.0364840e+00	5.0637490e-01
3.0000000e+03	2.6202631e-01	6.0669130e-01	1.5305395e+00	1.0272961e+00	5.0324345e-01
3.0250000e+03	2.5963020e-01	5.9180361e-01	1.5484535e+00	1.0338569e+00	5.1459652e-01
3.0500000e+03	2.4820653e-01	5.5903482e-01	1.5173062e+00	1.0068597e+00	5.1044655e-01
3.0750000e+03	2.3620917e-01	5.2151179e-01	1.4646859e+00	9.6855211e-01	4.9613380e-01
3.1000000e+03	2.1738446e-01	4.8105919e-01	1.3792537e+00	9.0701133e-01	4.7224241e-01
3.1250000e+03	1.9977435e-01	4.4493338e-01	1.2699383e+00	8.3474350e-01	4.3519482e-01
3.1500000e+03	1.9867073e-01	4.2919758e-01	1.1810443e+00	7.8919291e-01	3.9185143e-01
3.1750000e+03	2.1110553e-01	4.3123308e-01	1.1390893e+00	7.8065020e-01	3.5843915e-01
3.2000000e+03	2.2101215e-01	4.4219124e-01	1.1499368e+00	7.9598057e-01	3.5395625e-01
3.2250000e+03	2.1589211e-01	4.3465367e-01	1.1558567e+00	7.9382050e-01	3.6203626e-01
3.2500000e+03	2.0636062e-01	4.2177758e-01	1.1705370e+00	7.9162914e-01	3.7890786e-01
3.2750000e+03	1.9793542e-01	4.0630984e-01	1.1843027e+00	7.9008675e-01	3.9421594e-01
3.3000000e+03	1.9830611e-01	4.0742382e-01	1.2192748e+00	8.0794346e-01	4.1133127e-01
3.3250000e+03	2.0649461e-01	4.1186261e-01	1.2292771e+00	8.2113320e-01	4.0814394e-01
3.3500000e+03	2.1012670e-01	4.0934905e-01	1.2134190e+00	8.1683618e-01	3.9658278e-01
3.3750000e+03	2.1111636e-01	4.0905344e-01	1.1943383e+00	8.0828553e-01	3.8605279e-01
3.4000000e+03	2.1116441e-01	4.1167799e-01	1.1702198e+00	7.9627430e-01	3.7394547e-01
3.4250000e+03	2.0592383e-01	4.0857661e-01	1.1375794e+00	7.7471352e-01	3.6286590e-01
3.4500000e+03	1.9690655e-01	4.0675846e-01	1.1011555e+00	7.4748433e-01	3.5367119e-01
3.4750000e+03	1.9503525e-01	4.2186740e-01	1.0915931e+00	7.4083185e-01	3.5076132e-01
3.5000000e+03	1.9019274e-01	4.1821682e-01	1.0637172e+00	7.2205138e-01	3.4166586e-01
3.5250000e+03	1.8299510e-01	4.0767258e-01	1.0179948e+00	6.9199246e-01	3.2600230e-01
3.5500000e+03	1.8469782e-01	4.1873741e-01	1.0031205e+00	6.8625808e-01	3.1686246e-01
3.5750000e+03	1.8773013e-01	4.2632094e-01	9.7685200e-01	6.7615616e-01	3.0069587e-01
3.6000000e+03	1.9839384e-01	4.5302647e-01	9.8848158e-01	6.9263464e-01	2.9584694e-01
3.6250000e+03	2.1129513e-01	4.6930858e-01	9.8419881e-01	7.0339453e-01	2.8080428e-01
3.6500000e+03	2.2301428e-01	4.6648744e-01	9.5161319e-01	6.9882089e-01	2.5279230e-01
3.6750000e+03	2.3239040e-01	4.6656501e-01	9.3869835e-01	7.0173955e-01	2.3695877e-01
3.7000000e+03	2.4229465e-01	4.7417048e-01	9.4338435e-01	7.1398681e-01	2.2939752e-01
3.7250000e+03	2.4211562e-01	4.7211084e-01	9.4531876e-01	7.1477497e-01	2.3054376e-01
3.7500000e+03	2.3309161e-01	4.5723787e-01	9.2293036e-01	6.9455677e-01	2.2837357e-01
3.7750000e+03	2.2139655e-01	4.3736544e-01	8.9118242e-01	6.6698778e-01	2.2419466e-01
3.8000000e+03	2.2198741e-01	4.2411676e-01	8.5709673e-01	6.5053576e-01	2.0656095e-01
3.8250000e+03	2.3034240e-01	4.2175955e-01	8.3454615e-01	6.4761549e-01	1.8693067e-01
3.8500000e+03	2.2527340e-01	4.1628376e-01	8.2052189e-01	6.3553435e-01	1.8498755e-01
3.8750000e+03	1.9558735e-01	3.8142821e-01	7.7812934e-01	5.8465201e-01	1.9347732e-01
3.9000000e+03	1.5670276e-01	3.3182719e-01	7.1340930e-01	5.1340741e-01	2.0000190e-01
3.9250000e+03	1.3349985e-01	3.0420780e-01	6.8006474e-01	4.7353220e-01	2.0653252e-01
3.9500000e+03	1.2386388e-01	2.9886797e-01	6.7861682e-01	4.6317229e-01	2.1544454e-01
3.9750000e+03	1.1863773e-01	2.9873714e-01	6.7118746e-01	4.5423144e-01	2.1695600e-01
4.0000000e+03	1.0138591e-01	2.8200012e-01	6.3853002e-01	4.2065090e-01	2.1787910e-01
4.0250000e+03	8.6060621e-02	2.6403669e-01	6.0217357e-01	3.8714740e-01	2.1502617e-01
4.0500000e+03	8.2900189e-02	2.6000363e-01	5.7718420e-01	3.7149230e-01	2.0569190e-01
4.0750000e+03	7.9885438e-02	2.5893527e-01	5.6106400e-01	3.6041743e-01	2.0064656e-01
4.1000000e+03	6.8432584e-02	2.4132217e-01	5.2106190e-01	3.2896352e-01	1.9209836e-01
4.1250000e+03	5.4815739e-02	2.1945074e-01	4.7800854e-01	2.9382002e-01	1.8418853e-01
4.1500000e+03	4.3089710e-02	2.0340359e-01	4.5418978e-01	2.7018461e-01	1.8400517e-01
4.1750000e+03	3.5765219e-02	1.9319874e-01	4.4040433e-01	2.5596738e-01	1.8443695e-01
4.2000000e+03	3.5012837e-02	1.8969068e-01	4.3744475e-01	2.5373521e-01	1.8370953e-01
4.2250000e+03	4.4613644e-02	1.9502681e-01	4.4504461e-01	2.6713595e-01	1.7790866e-01
4.2500000e+03	5.9458453e-02	2.0896764e-01	4.7427306e-01	2.9659498e-01	1.7767808e-01
4.2750000e+03	7.6259464e-02	2.2758223e-01	5.1873612e-01	3.3562753e-01	1.8310860e-01
4.3000000e+03	9.6957080e-02	2.4922737e-01	5.6724268e-01	3.8057843e-01	1.8666425e-01
4.3250000e+03	1.2419786e-01	2.7627203e-01	6.1677378e-01	4.3258476e-01	1.8418904e-01
4.3500000e+03	1.5212643e-01	2.9714656e-01	6.5142477e-01	4.7783881e-01	1.7358595e-01
4.3750000e+03	1.6681364e-01	2.9980540e-01	6.6049093e-01	4.9705911e-01	1.6343182e-01
4.4000000e+03	1.7784412e-01	3.0180690e-01	6.7214102e-01	5.1391464e-01	1.5822639e-01
4.4250000e+03	1.8921968e-01	3.1255776e-01	7.0332283e-01	5.4088110e-01	1.6244173e-01
4.4500000e+03	1.9912349e-01	3.3334962e-01	7.5665843e-01	5.7745272e-01	1.7920573e-01
4.4750000e+03	1.9538303e-01	3.4453806e-01	7.9956204e-01	5.9516406e-01	2.0439799e-01
4.5000000e+03	1.7506833e-01	3.3775410e-01	7.9685348e-01	5.7349509e-01	2.2335841e-01
